639 320
0.9720990182634588 0.4999999999871995
1.0000000000808957 0.4999999999871995
0.9318022265779264 0.4999999999890449
0.9354424133371296 0.4656560490683495
0.9636959896135316 0.4617653344524068
0.9701946725780598 0.4537717502710800
1.0000000000808957 0.4518137752018859
1.0000000000958893 0.4095970704351722
0.8988263403729617 0.4999999999887931
0.9237517462180490 0.4556152448207436
0.8993595023774061 0.4614048263225072
0.9287829980089475 0.4272796432721255
0.9566052775916747 0.4211549429319591
0.9633518120250465 0.4098066018660090
0.9561450364561096 0.3888032859613073
0.9717999375352904 0.3668479075189794
1.0000000000942137 0.3672091006135873
1.0000000000942137 0.3237870275001448
0.8641630660981152 0.4999999999887931
0.8867641972004889 0.4537518851839895
0.8640807897184929 0.4617048731315064
0.9131969742388939 0.4132336989080956
0.8871517384209439 0.4221910872553322
0.9171245426754283 0.3856209486863319
0.9260654814018161 0.3803319755753857
0.9316913313860943 0.3476703815509073
0.9652154146391156 0.3244555748684872
0.9565629874208262 0.3425264532344425
0.9558634234988447 0.3062878770843544
0.9677911309835189 0.2822719756010139
1.0000000000981966 0.2821032717376143
0.8286541980365291 0.4999999999888330
0.8475802603896159 0.4533949763108145
0.8285024166630635 0.4623926888065263
0.8469985546306820 0.4229407281463938
0.8715579207018933 0.4120908969669024
0.8901810693621389 0.3733454421127183
0.8713273909162352 0.3838879453371247
0.9153974482190531 0.3340651592867230
0.8910319281931502 0.3420243748283934
0.9183562387462650 0.2986074719649306
0.9306835214269278 0.2638873616699364
0.9547334671165333 0.2622464159248687
0.9655554460834280 0.2401851402186762
1.0000000001038289 0.2394489352771156
1.0000000001035703 0.1981789225079659
1.0000000001018989 0.1572640209616055
0.7931661363465864 0.4999999999889090
0.8069710247045082 0.4536519832413176
0.7930486875971344 0.4622729342711174
0.8291252594248594 0.4127530449883329
0.8063292405831914 0.4249623631461235
0.8501274651932477 0.3729266585986315
0.8278930342565184 0.3865066025094218
0.8746538592627048 0.3318533918301684
0.8482121927742289 0.3477115671312576
0.8717262147885163 0.3100534180790460
0.8907696678452284 0.2916698979039117
0.8839409411109047 0.2691861525445418
0.9072227847166321 0.2447679801687528
0.9300998817191864 0.2188524931529707
0.9531059373102275 0.2183972459932129
0.9646513107642314 0.1981350221643162
0.9539933598861072 0.1752436890396976
0.9634239034841768 0.1569647342291628
0.9540016765249204 0.1360711684622310
0.9672924694099675 0.1158902246963064
1.0000000001028069 0.1157490701907390
1.0000000001028069 0.0754204436779564
1.0000000001049565 0.0387457745636816
1.0000000000925182 -0.0000000000031036
0.7595679788644373 0.4999999999898262
0.7242457021926632 0.4999999999892160
0.7653697802337084 0.4550032213103343
0.7577049163696543 0.4614229044125726
0.6907333661936838 0.4999999999893021
0.7859552700924167 0.4139544056203722
0.7642053111811997 0.4269006422138731
0.8064739989140950 0.3751246185955844
0.7849488525026135 0.3885247123071032
0.8278327266990284 0.3360947926548936
0.8052654474283926 0.3502415149798045
0.8265741142017248 0.3120189606626594
0.8451884883598551 0.2985038172248371
0.8441084628159845 0.2722415792507918
0.8604137166309360 0.2610822795706358
0.8592894757012144 0.2315581185728892
0.8820717057359935 0.2218202263361579
0.9197825654245081 0.1767842853681613
0.8874241702806930 0.1991929265936451
0.9129321745223945 0.1914089752096723
0.9115721500701550 0.1565963157845918
0.9268034999678986 0.1324737145654153
0.9187747413897088 0.1156948878393245
0.9531731751447098 0.0870930916961436
0.9344814494920415 0.0891282662036988
0.9614643092516389 0.0758485655105406
0.9556427151031778 0.0451636049455561
0.9643666068244883 0.0364167619981925
0.9612386537936772 -0.0000000000036395
0.7220251732835179 0.4566876757043964
0.6905577899663543 0.4623735746155203
0.7429710994612491 0.4157359670877145
0.7224793798709244 0.4274788208805484
0.6549723117772083 0.4999999999893021
0.6182688839005643 0.4999999999894508
0.6807196424190620 0.4554104187929282
0.6546949512837031 0.4640784499374317
0.7627935408598664 0.3768358498725040
0.7425531942316612 0.3892953521112453
0.7622556441572277 0.3518058692039055
0.7834926958745673 0.3384738590648853
0.7825329573166716 0.3136812745070559
0.8024856633601432 0.3004722335554443
0.8202778277931395 0.2621359745449913
0.8013870798372015 0.2743311389876077
0.8421564170588729 0.2217109512343635
0.8188853405783716 0.2342652538139405
0.8667289998095895 0.1807991694369858
0.8408219281090710 0.1966292827183881
0.8674873270971418 0.1627963253031846
0.8814746661789051 0.1502692716326221
0.8787381726805207 0.1205687180517778
0.8913486289126837 0.1098825638374186
0.9134660328403778 0.0683598608296244
0.8886788179322150 0.0807435906491247
0.9170812462172594 0.0459573929512829
0.9248276214489206 0.0405016524254378
0.9264891615204868 -0.0000000000033822
0.5796242716888185 0.4999999999899796
0.6804322272835746 0.4267832171961301
0.7003921118860060 0.4153999835171683
0.7195825005008836 0.3776664400688414
0.7006372034419741 0.3895515440447152
0.6404464900233350 0.4555679930441774
0.6173431355315652 0.4653748982063641
0.6019464508881274 0.4571044374408302
0.5792967851998615 0.4680820981623242
0.6398234182585890 0.4271357111136093
0.6591839822119607 0.4160528574905774
0.7192987524337935 0.3520623969737183
0.7393533950574929 0.3394411565335907
0.7392133870156189 0.3152783016053597
0.7597412915088146 0.3021392283410863
0.7586218809681984 0.2764087566318812
0.7789436365366775 0.2638089621900769
0.7775595440587227 0.2363160288800471
0.7992464329286960 0.2240420295705980
0.7980996425733073 0.1973264732980317
0.8187409414797114 0.1837181792114133
0.8360228650085629 0.1473490807887701
0.8184172421061090 0.1609645947099435
0.8365745590628517 0.1231124341342445
0.8504109814484521 0.1125951672955227
0.8703210127893178 0.0709201648870602
0.8493788172351541 0.0831746353747210
0.8692973990034742 0.0446517264671721
0.8861370572618692 0.0329568568628228
0.8866295232626313 -0.0000000000032791
0.5400432599844678 0.4999999999899494
0.5612826490801861 0.4575470081286377
0.5404137196425149 0.4682229250583513
0.6587441763016454 0.3889472508595064
0.6761920803000618 0.3773594228877822
0.6962785154709014 0.3402383161074337
0.6763403718824544 0.3529983379280034
0.5995643643054831 0.4285085463116665
0.6188926105197512 0.4171966115629522
0.5612491447266192 0.4331745743402544
0.5824497933747336 0.4213089624005355
0.6180113410711819 0.3903764170529211
0.6337445557644510 0.3784334994631783
0.7154821797781087 0.3021126718596194
0.6956258711491070 0.3146509376418688
0.7375525206476794 0.2658159384154803
0.7159343899124103 0.2791212175079600
0.7354825987245359 0.2386312943495045
0.7580470746393150 0.2265347594395895
0.7203275386993906 0.2307491134201582
0.7735964991528805 0.1859357044567451
0.7565975753655368 0.1978644942581198
0.7910068300779542 0.1475466513340244
0.7730551298306584 0.1607427216647012
0.7909728448982105 0.1233225401101590
0.8080519343713758 0.1111532571550699
0.8269964041722337 0.0726250619844890
0.8080464301385896 0.0843294199445387
0.8265444796175071 0.0450749338889982
0.8450658295460041 0.0336071960160457
0.8448191530369936 -0.0000000000033303
0.5011806730662515 0.4999999999896285
0.5208020784180822 0.4570860608861532
0.5017290006773136 0.4655979233727596
0.5233766794954196 0.4282474253840048
0.5418416903511948 0.4215417513822443
0.6522339434341802 0.3397762175795120
0.6322415078019292 0.3530825348913007
0.6523810296431589 0.3173599206122089
0.6737508637778065 0.3038450013672274
0.5888355167276482 0.3800342114350666
0.5470850058657599 0.3895458031495390
0.5776843298237362 0.3914814659990922
0.5872093124078331 0.3600579584813107
0.6111573358635820 0.3430813682654306
0.6716888091244103 0.2759470752373425
0.6920752413503041 0.2641491899152199
0.6941846576245728 0.2425582654427332
0.6761116726160991 0.2261687682072651
0.7303579539280628 0.1885798239310487
0.6902904444235555 0.1949012449465211
0.7160395020169906 0.2000046357322746
0.7285458533899665 0.1616978675684690
0.7461247482798486 0.1484631933613686
0.7650324089552116 0.1108075076539793
0.7456149433785174 0.1237646949819438
0.7648979055163256 0.0846661237085619
0.7842471885035883 0.0727682614477260
0.7841512922923470 0.0453591484830913
0.8033426838975519 0.0340319343171697
0.8032268015878044 -0.0000000000033541
0.4632496604476856 0.4999999999896285
0.4839429047470719 0.4562027848901946
0.4629836124407076 0.4657361172375326
0.4837465057928704 0.4259817779544693
0.5060674192113701 0.4172920903182318
0.5399039913463213 0.3812999418295847
0.5078944946971475 0.3887895546276798
0.6543421731775869 0.2682739610292185
0.6281811687464586 0.3023845750323905
0.6068953538089725 0.3167679902270283
0.6287940125949244 0.2847469451807330
0.5418974742789178 0.3599314594926569
0.5661938575710627 0.3461848919537797
0.5905485527235351 0.3105280195297287
0.5661532216628808 0.3261267495191406
0.6569664246648127 0.2279464266708440
0.6473625867712135 0.2412633400224736
0.6426645968357184 0.2005196767887050
0.6834904648301674 0.1845394412708138
0.6551074063085622 0.1827601265135406
0.6992392098438666 0.1502207897118241
0.6940687639632291 0.1530788958763347
0.7208431298199401 0.1109684802284579
0.7048879614446346 0.1194168399903433
0.7233081851727931 0.0827380965566768
0.7412007875023841 0.0726941836392780
0.7422530369470599 0.0447947788048844
0.7612766266091058 0.0339899300320673
0.7615829586308508 -0.0000000000033541
0.4243693141641106 0.4999999999899721
0.4456585530518873 0.4564558830557359
0.4240710549841402 0.4668824736621072
0.4688261428509298 0.4174532293721181
0.4446970515451267 0.4278278118579139
0.4948278439071105 0.3775141374818571
0.4671608743896524 0.3869610874641563
0.4971056165934927 0.3522186868922226
0.5210713781083383 0.3428036740755306
0.6072565357050261 0.2664729058277209
0.6171573293238469 0.2409357406770699
0.5864169913242849 0.2717246010236101
0.5814597704914154 0.2802517966407583
0.5253869379696454 0.3181735464883847
0.5451302856031855 0.3108050327105442
0.5506743280481713 0.2862645609474835
0.6069334682022951 0.2248424010894745
0.6181603699795016 0.2004844056715213
0.6080348477596175 0.1849106659506864
0.6213958655563296 0.1555775497520456
0.6445016403569600 0.1575071948201964
0.6594196723209553 0.1405196293598663
0.6572422313549394 0.1203323711035020
0.6783868899019900 0.1044886111735023
0.6782983076766318 0.0827155685294657
0.6985815237093318 0.0695565294498909
0.6988350604538204 0.0447179989370618
0.7189109078400951 0.0326289436361845
0.7190602402664477 -0.0000000000032906
0.3846764479320800 0.4999999999901366
0.4057179628953778 0.4567295188756746
0.3844281659139083 0.4681733880149991
0.4283859818210237 0.4182612809930604
0.4048132081070578 0.4314837070036496
0.4529184016348283 0.3780161133929378
0.4263097455256393 0.3959341702258161
0.4497783522884705 0.3625774606279363
0.4766473064454525 0.3359659113145315
0.4710808083462637 0.3365580664644329
0.5041987845889422 0.3019310807729648
0.4931454395215163 0.3040274839161707
0.5789827576704361 0.2251753959019284
0.5695015724993681 0.2423079813150277
0.5352545072580045 0.2689296545642333
0.5451895895069294 0.2462751035468467
0.5166063645635183 0.2719352102398453
0.5689360048695923 0.2047830274928880
0.5800465823542841 0.1824170921208681
0.5724010840580643 0.1675699824265054
0.6113185919384218 0.1423547162455535
0.5845983487057309 0.1441043940291996
0.6333494636809679 0.1080036928501861
0.6181513098093474 0.1157640582790341
0.6545784875670283 0.0693137838885307
0.6356749260948132 0.0800637714089828
0.6556503891799423 0.0439200413294908
0.6757580547131170 0.0320714302723071
0.6761372906795249 -0.0000000000032578
0.3443924965854668 0.4999999999901366
0.3042104012022744 0.4999999999901723
0.3645295919599577 0.4571924816253173
0.3443393846275461 0.4685014808980628
0.3643424949343966 0.4322647677274595
0.3850874153046917 0.4201169716838654
0.4058314316643015 0.3835519046260360
0.3847234075709327 0.3968732915603448
0.4055105493280949 0.3618507357031191
0.4240704475096586 0.3493715190261946
0.4246302971637526 0.3259642503572297
0.4462752824958899 0.3156445255898805
0.4503535334621584 0.2940317894250093
0.4704804155431663 0.2864402832587759
0.4975856100014386 0.2546986856624205
0.4763088681805731 0.2607074280497380
0.5366827322199142 0.2038378231134671
0.5277466819964480 0.2227761982196222
0.5050592652533182 0.2281339715387225
0.5292342778246895 0.1858886317452270
0.5454448747010997 0.1628218153566837
0.5379774542126279 0.1444896959786831
0.5679927421288249 0.1192737492085563
0.5621289181760565 0.1187853657096001
0.5900757339247683 0.0990377916981260
0.5894775526879942 0.0818651047060927
0.6111586607431237 0.0663921559130796
0.6107909065995082 0.0441940074487705
0.6322277561502911 0.0305213296102660
0.6322124576433535 -0.0000000000031758
0.2633239349909374 0.4999999999903683
0.3236849324412863 0.4573702369185217
0.3039215823724099 0.4686815545961492
0.2835838794564123 0.4579755840005411
0.2634600806478701 0.4698665858495333
0.3236051106362600 0.4321786324903806
0.3430355313507109 0.4205674034473599
0.3625459738891702 0.3842667315201514
0.3431094455917364 0.3967477188260993
0.3832871101283192 0.3492876470500186
0.3625555679746509 0.3618018673884963
0.4064380500177291 0.3138741326527339
0.3833194390438778 0.3254140373652186
0.4069458922097922 0.2898373668228499
0.4311713225007812 0.2787278269375338
0.4580058515939663 0.2454684606040124
0.4330865929708865 0.2565637202767881
0.4860112918095604 0.2112089014942722
0.4599144697685107 0.2241936353830805
0.4875223399730089 0.1907797882840919
0.5027072568253950 0.1790448344209185
0.5000390510223234 0.1499236353022521
0.5180104402924087 0.1374088896041346
0.5418557288335492 0.0968589347619921
0.5145040562291082 0.1103371796099414
0.5661976542213150 0.0676233078119898
0.5438600837517000 0.0803748058030312
0.5668800553734230 0.0437341458823621
0.5882000310512537 0.0310598524224672
0.5883329367168521 -0.0000000000031758
0.2222802736037072 0.4999999999902709
0.1850237977771284 0.4999999999894220
0.1464627037360037 0.4999999999897836
0.2413301208670534 0.4573153101522373
0.2235816473991152 0.4678996744798092
0.2826197285904389 0.4323070863537254
0.3018916656946961 0.4208693375409395
0.2423502798940238 0.4347749836548653
0.2638462968350480 0.4231194195678589
0.3191552951778244 0.3839814621659188
0.3019743198147570 0.3961639767293925
0.3416431658767782 0.3490986936241172
0.3191713876606008 0.3623616755344804
0.3414137799260697 0.3258294175042565
0.3652639936014460 0.3137246751632432
0.3893948632466144 0.2775396454668512
0.3651258487781017 0.2894529548990894
0.4141431172050651 0.2418319609318264
0.3896894293371154 0.2544620540331325
0.4150911296993841 0.2214354719163472
0.4391413945503292 0.2077158297165305
0.4589200163400330 0.1756104977069677
0.4403126961532703 0.1883803502098972
0.4766509214587703 0.1408204651461757
0.4600285109108532 0.1518249950488143
0.4758049240994098 0.1134735035736925
0.4984800866483451 0.1009466147833542
0.4971900373051725 0.0769377661010933
0.5212181823598400 0.0625756657768734
0.5221184702405072 0.0435246772408643
0.5441121984036714 0.0299924944233415
0.5443663280141111 -0.0000000000031443
0.1455104428163482 0.4712227411211387
0.1977936274711411 0.4550927097776532
0.1843211165918405 0.4621301323605219
0.1664540189705660 0.4563114883574328
0.1209737309949479 0.4580453567020443
0.1073198690237984 0.4662623461686346
0.1054316938019828 0.4999999999904908
0.0683870638002887 0.4999999999878769
0.0379589023055200 0.4999999999878768
-0.0000000000029481 0.4999999999903280
0.2032396753509305 0.4272198825779580
0.2229326456826788 0.4212276553023079
0.2741298048865679 0.3837951388321010
0.2301862786478105 0.3891486297436521
0.2615529084150911 0.3948873769571798
0.2739649659228444 0.3635354406573760
0.2992404964587189 0.3491193978056942
0.2988709713329612 0.3264064478597941
0.3239163107907298 0.3142542946307179
0.3236181173989405 0.2896652520646919
0.3473313507702121 0.2777091929460261
0.3704508538342848 0.2412519986715219
0.3472430784182473 0.2540158953251209
0.3706929133241602 0.2196729380943282
0.3936550144961962 0.2059577654191018
0.4150798400570013 0.1725744850143506
0.3943559856725419 0.1861375832866122
0.4344185631344993 0.1389404325473102
0.4159566026240750 0.1511786921852858
0.4348116606782791 0.1146725559906812
0.4552085419188024 0.1023279714443395
0.4547230946982510 0.0780770816862229
0.4770146401583458 0.0646083021307531
0.4765223149993216 0.0424113855650013
0.4995154795521277 0.0281463830694307
0.4998019032741923 -0.0000000000030815
0.1569971175673485 0.4274478094600515
0.1243228599616732 0.4342770546663284
0.1852859149633623 0.4122591110657781
0.1620934294554848 0.4176214124202929
0.1121946961156828 0.4202172875971282
0.0845693223600444 0.4251832857451140
0.0772948861871880 0.4544566674950347
0.0718672733670261 0.4575113468979274
0.0446202096236986 0.4525638605282131
0.0331567712734320 0.4636471061376060
-0.0000000000029481 0.4611150077036958
0.2257244997212069 0.3827774368223847
0.1930876174622011 0.3843602421937586
0.2305846984001363 0.3592589584599056
0.2558267190114122 0.3494944310655220
0.2579048561417150 0.3249738395487414
0.2826784095211639 0.3151073203749485
0.3054199098822412 0.2781330723815563
0.2832344981100821 0.2893143333577737
0.3271877663627109 0.2413777140845614
0.3054802382701445 0.2539592118372413
0.3491555848906482 0.2055631154297912
0.3271647018658992 0.2192234613172920
0.3493204924415943 0.1849559789147181
0.3707348206491858 0.1709679536339000
0.3711585465334650 0.1503966227649634
0.3912849867155989 0.1370409184105696
0.3916334124587526 0.1147790708387433
0.4119086236451409 0.1018648664416908
0.4331523932696781 0.0655427303753399
0.4119151857981059 0.0787033914134219
0.4328945296397163 0.0427173094027736
0.4551241713956513 0.0290329741521065
0.4549369833341917 -0.0000000000030527
0.1464451747269536 0.3919240936127130
0.1184794961189209 0.3963687279667595
0.1818496537267100 0.3701066160440397
0.1545586838020774 0.3735830576344419
0.1057998717671829 0.3804058844926936
0.0700068594829591 0.4087654150470309
0.0805614266741354 0.3826086811467175
0.0456862429686751 0.4111332036544865
0.0369270966049594 0.4240624468789661
-0.0000000000033667 0.4244568345307804
0.2122943748436397 0.3404973696957619
0.1891875214561522 0.3466446450466533
0.2415846238971492 0.3120655057791935
0.2185740458187064 0.3196962449379701
0.2633991109140641 0.2772144128965248
0.2444172971746618 0.2877714346568827
0.2839723105757208 0.2412877240825902
0.2637700325536694 0.2544678552270266
0.2835878845950424 0.2201219698575000
0.3050362678800999 0.2056574355678521
0.3263635161398952 0.1706355427190510
0.3046172609057426 0.1853716251600029
0.3261643740293346 0.1503911934184858
0.3474446650499862 0.1360874310011518
0.3474228597129322 0.1149257510683494
0.3683831494833919 0.1012634255503876
0.3683422909602771 0.0789816243402909
0.3895099452431011 0.0656392096116175
0.3894098312150299 0.0429295986081475
0.4111295606863087 0.0295801139922944
0.4110349665216722 -0.0000000000030761
0.1149582115791871 0.3553739819200935
0.1408465579055835 0.3529931196966580
0.1506815317981654 0.3311865820424135
0.1722621568502368 0.3285342228843162
0.1019257129792396 0.3383503685397581
0.0781655433213896 0.3399373045913159
0.0663888759797018 0.3641909506136693
0.0438402040707879 0.3654298502723550
0.0322893009606288 0.3838161060195855
-0.0000000000031517 0.3848145609803177
0.1841244409820826 0.2997201609083385
0.1990851241250657 0.2988123778337941
0.2178749495705350 0.2717959140018013
0.2162697769000039 0.2640741548865737
0.2396224349907184 0.2407103435056837
0.2373429332564095 0.2253951747477630
0.2606544839130358 0.2065452512549767
0.2819760998107161 0.1716050316611074
0.2589687674400777 0.1882317092402485
0.2809130939098620 0.1518018436515299
0.3033413480441510 0.1365246740933375
0.3246624768952715 0.1013374265672692
0.3027479183712560 0.1156173735365563
0.3243525596062826 0.0793669010416949
0.3459690026892090 0.0657733302749881
0.3458015369718470 0.0430798520866248
0.3675161203122803 0.0298245421883067
0.3674451315204657 -0.0000000000030934
0.1122089854365714 0.3137293207629139
0.1354805941444844 0.3110571772384603
0.1706105548887842 0.2862765442612805
0.1444158703595759 0.2908951012663332
0.0977806081196043 0.2959029489515667
0.0771619934364420 0.2961120382935155
0.0637049768463135 0.3198428751900942
0.0429111900829519 0.3204059245285906
0.0296668974418297 0.3416407733078738
-0.0000000000030486 0.3420625260492112
0.1936589393472194 0.2503031208472244
0.1745772131913112 0.2601469150010879
0.1942718750782722 0.2260491552128453
0.2159570657293525 0.2130262712491376
0.2150363098951446 0.1897384882271391
0.2377136114492890 0.1756063651771301
0.2367114005883423 0.1530712462335003
0.2593326782113538 0.1388363705254327
0.2810228947581933 0.1025664616569800
0.2585827034631789 0.1164385651635712
0.3025754095377862 0.0663994807300598
0.2805539926215427 0.0797854793913852
0.3023360539115280 0.0432004674500537
0.3241909822676552 0.0301698085711799
0.3241065016122558 -0.0000000000031137
0.1127987027150942 0.2663758696763479
0.1282990197082782 0.2674801788762759
0.1492913115722332 0.2449081113362043
0.1022290468309867 0.2538509271801855
0.0631011462866827 0.2752728340792273
0.0742464560925893 0.2554366653904030
0.0418487555734849 0.2760428952770529
0.0283354863640024 0.2978589514804514
-0.0000000000029355 0.2982913372230246
0.1474484331814075 0.2309477749458825
0.1716321278217040 0.2122488773911734
0.1702522151644105 0.1930034676468974
0.1941917314469634 0.1774451688310102
0.1928806223213279 0.1551037250947420
0.2158603472033339 0.1407753966403460
0.2148609991059231 0.1177062799236618
0.2378520835974252 0.1040489036711127
0.2371831589657861 0.0804120905268045
0.2595527953049315 0.0673078043830884
0.2591976974413198 0.0433645785806598
0.2812295575935144 0.0306407688232368
0.2811084523190044 -0.0000000000031420
0.1260391296635747 0.2176506077495873
0.1076740227693400 0.2263467255395095
0.0824493427477804 0.2109757267807355
0.0614623999711488 0.2313817908154499
0.0445024262253040 0.2288261464921111
0.0270841729268958 0.2537474929697436
-0.0000000000029355 0.2528903321237388
0.1504128740284694 0.1805005200588379
0.1275745508046165 0.1918524682864739
0.1506947149937855 0.1554588151672156
0.1723893623062166 0.1431014984733144
0.1951031216319256 0.1058871091730708
0.1720047398208411 0.1185265322523991
0.1945792824863389 0.0809560134430290
0.2169522482261024 0.0684929121261464
0.2165934383515801 0.0435362500476760
0.2387315852845650 0.0312852290688045
0.2385911665909414 -0.0000000000031738
0.0807470358066717 0.1931467310389378
0.1082540169273931 0.1787553503608039
0.0686974250410803 0.1843925837202217
0.0329475481086359 0.2098364000826206
0.0418174012415027 0.1898033693143340
-0.0000000000030093 0.2106099631065260
0.1082491058667475 0.1552487591396362
0.1287423095473957 0.1425632229435930
0.1288331591990113 0.1191046879024721
0.1528020601167569 0.1066778479643466
0.1525602433816679 0.0813818211031086
0.1747320383243241 0.0693533516089744
0.1744501144692699 0.0437420009970690
0.1967760134967992 0.0319201477169689
0.1966301316333252 -0.0000000000032057
0.0835761946794576 0.1419042825697091
0.0686223147937861 0.1516432202570785
0.0431574612278028 0.1441768109891372
0.0265544103418227 0.1672596850702388
-0.0000000000030093 0.1667461859682048
0.0848939723521428 0.1182047481239404
0.1107861232913876 0.1068445424324174
0.1324823733817277 0.0696455956910929
0.1113066091791297 0.0810389498572357
0.1325622633364638 0.0438675275977955
0.1553639829040548 0.0324575343877738
0.1552630796135942 -0.0000000000032271
0.0693771922113323 0.1054407661550956
0.0355282209715880 0.1243554799814611
0.0420198361580698 0.1125578823252070
-0.0000000000030363 0.1249679545770012
0.0893744369236432 0.0684707104937530
0.0724047812724367 0.0781523314634157
0.0904513463782947 0.0435764116460866
0.1143971389723142 0.0325689517261317
0.1145544061788830 -0.0000000000032271
0.0456241935860984 0.0649563551176606
0.0284913379942495 0.0829891566228620
-0.0000000000030363 0.0810258483535335
0.0432467064468798 0.0444915028219118
0.0742834567821548 0.0319324355844364
0.0738869015181678 -0.0000000000032776
0.0362950958957765 0.0388770806290606
-0.0000000000029693 0.0419922272848397
0.0355053577663086 -0.0000000000034014
-0.0000000000029693 -0.0000000000034014
6 567 568 545 544 543 566
5 555 556 540 531 532
5 538 537 508 509 510
6 494 495 463 462 461 493
5 201 202 170 169 195
6 152 151 121 119 120 150
5 631 630 626 621 623
7 364 363 333 332 330 331 361
6 231 228 205 199 198 229
6 492 493 461 460 459 490
5 307 278 277 276 306
6 559 557 554 533 534 558
6 183 182 152 150 149 180
6 12 13 6 5 4 10
5 402 401 372 368 369
6 483 482 451 450 449 480
6 422 421 386 383 384 420
5 599 597 580 581 582
6 520 521 492 490 491 518
6 285 284 256 253 254 282
5 193 192 162 160 191
5 629 620 619 618 628
6 461 462 428 425 426 460
5 138 137 136 106 130
5 62 63 46 45 44
4 446 445 408 409
6 614 615 602 601 600 609
6 456 455 422 420 419 453
6 602 603 588 586 585 601
6 529 530 503 502 501 505
6 171 172 163 140 139 168
6 395 396 364 361 362 394
6 141 142 111 109 110 133
5 126 125 96 94 124
6 202 200 171 168 167 170
5 223 222 193 191 221
5 50 49 34 32 48
6 580 579 559 558 560 581
5 190 159 158 157 189
5 28 27 18 17 16
5 437 436 403 400 404
5 59 60 42 41 58
7 302 301 272 271 270 269 299
6 380 379 348 345 346 377
6 463 464 429 427 428 462
5 311 310 281 279 308
5 159 129 128 127 158
6 157 158 127 125 126 155
5 620 608 607 606 619
6 116 115 85 84 83 114
6 290 289 263 258 257 287
5 562 561 536 537 538
6 386 385 354 352 351 383
6 384 383 351 349 350 382
7 288 287 257 255 256 284 286
6 359 360 329 328 327 358
5 528 500 499 498 527
7 598 596 594 578 579 580 597
6 519 518 491 489 488 517
6 147 148 118 115 116 146
6 83 84 57 55 56 81
6 85 86 59 58 57 84
6 491 490 459 457 458 489
7 242 241 212 209 211 210 239
6 93 66 65 64 89 92
6 503 504 481 472 473 502
7 449 450 415 412 414 413 447
6 294 292 261 262 265 293
6 343 344 312 310 311 339
6 594 595 584 576 577 578
5 635 629 628 627 634
6 441 440 437 404 405 442
5 5 6 7 2 1
6 218 219 188 186 187 217
6 283 282 254 251 252 280
6 537 536 535 506 507 508
5 13 14 8 7 6
6 375 376 373 341 342 371
6 618 619 606 605 604 616
6 274 275 245 243 244 273
7 577 576 563 556 555 554 557
6 350 349 318 317 316 347
6 194 195 169 161 162 192
6 426 425 390 388 387 424
6 267 238 236 237 260 266
7 622 623 621 614 609 610 611
7 121 122 92 89 91 90 119
6 224 225 194 192 193 222
6 166 165 141 133 134 164
6 276 277 247 246 245 275
5 337 307 306 305 336
6 466 465 431 430 429 464
5 445 444 443 407 408
6 523 522 494 493 492 521
5 30 31 18 27 29
6 312 313 283 280 281 310
6 315 314 285 282 283 313
5 265 262 234 235 264
6 167 168 139 135 136 137
6 325 324 296 291 292 294
5 270 271 242 239 240
4 100 71 70 99
6 227 226 201 195 194 225
6 569 570 548 546 545 568
6 78 77 52 49 50 74
6 91 89 64 63 62 61
6 617 616 604 603 602 615
5 278 249 248 247 277
6 256 255 227 225 224 253
6 131 132 104 101 102 107
5 405 404 400 370 406
7 357 358 327 324 325 326 355
5 469 435 434 433 468
6 149 150 120 117 118 148
6 506 505 501 474 476 507
6 52 51 35 33 34 49
5 372 371 342 338 368
6 320 321 290 287 288 319
5 318 319 288 286 317
6 96 95 67 66 93 94
6 269 270 240 238 267 268
6 205 206 176 173 174 199
6 459 460 426 424 423 457
6 304 303 274 273 272 301
5 413 414 376 375 411
6 532 531 511 504 503 530
5 553 528 527 526 552
6 415 416 380 377 378 412
6 120 119 90 88 87 117
6 56 55 40 37 38 53
6 348 347 316 314 315 345
6 257 258 232 226 227 255
5 95 97 69 68 67
4 4 5 1 3
6 560 558 534 535 536 561
6 397 398 365 363 364 396
6 163 164 134 132 131 140
6 387 388 356 353 354 385
6 545 546 520 518 519 544
6 431 432 395 394 393 430
6 238 240 239 210 208 236
6 473 472 448 438 439 470
7 127 128 98 97 95 96 125
6 235 234 230 204 203 233
5 75 74 50 48 72
6 543 544 519 517 516 542
6 565 566 543 542 541 564
6 627 628 618 616 617 625
5 435 399 398 397 434
6 365 366 335 334 333 363
6 626 625 617 615 614 621
5 367 337 336 335 366
6 188 189 157 155 156 186
6 588 587 569 568 567 586
6 300 299 269 268 297 298
6 254 253 224 222 223 251
6 207 179 177 175 176 206
6 326 325 294 293 295 322
6 373 374 343 339 340 341
6 40 39 26 25 24 37
5 330 332 302 299 300
6 176 175 145 144 143 173
5 42 43 30 29 41
5 342 341 340 309 338
6 488 489 458 455 456 486
5 21 20 11 9 19
6 429 430 393 391 392 427
5 340 339 311 308 309
5 87 88 60 59 86
6 38 37 24 22 23 36
6 111 112 82 79 80 109
6 423 424 387 385 386 421
6 57 58 41 39 40 55
6 247 248 218 217 216 246
6 514 515 487 484 485 513
6 496 497 466 464 463 495
6 541 542 516 515 514 539
6 551 552 526 525 524 549
6 335 336 305 303 304 334
6 110 109 80 77 78 103
6 156 155 126 124 123 154
6 498 499 467 465 466 497
6 123 124 94 93 92 122
5 11 10 4 3 9
6 198 199 174 165 166 196
5 593 575 574 573 592
6 323 322 295 289 290 321
6 104 103 78 74 75 101
5 638 635 634 633 636
5 632 631 623 622 624
5 582 581 560 561 562
6 573 574 551 549 550 572
6 80 79 54 51 52 77
6 316 317 286 284 285 314
5 399 367 366 365 398
6 169 170 167 137 138 161
6 139 140 131 107 108 135
6 451 452 417 416 415 450
7 478 477 475 441 442 443 444
6 203 204 197 172 171 200
6 197 196 166 164 163 172
7 436 439 438 410 401 402 403
5 249 220 219 218 248
6 501 502 473 470 471 474
6 554 555 532 530 529 533
6 606 607 591 590 589 605
7 540 539 514 513 512 511 531
6 346 345 315 313 312 344
6 516 517 488 486 487 515
6 177 178 147 146 145 175
6 417 418 381 379 380 416
6 428 427 392 389 390 425
6 230 229 198 196 197 204
5 162 161 138 130 160
6 485 484 454 452 451 482
6 550 549 524 522 523 547
5 136 135 108 105 106
6 548 547 523 521 520 546
6 454 453 419 418 417 452
6 181 180 149 148 147 178
5 513 485 482 483 512
6 118 117 87 86 85 115
6 356 355 326 322 323 353
4 639 638 636 637
7 24 25 15 14 13 12 22
6 263 264 235 233 232 258
6 458 457 423 421 422 455
5 90 91 61 60 88
4 101 75 72 73
6 215 214 184 182 183 213
5 612 611 610 596 598
6 82 81 56 53 54 79
5 624 622 611 612 613
5 575 553 552 551 574
6 187 186 156 154 153 185
5 281 280 252 250 279
6 61 62 44 43 42 60
5 34 33 21 19 32
6 216 217 187 185 184 214
7 232 233 203 200 202 201 226
5 64 65 47 46 63
6 174 173 143 142 141 165
5 129 100 99 98 128
6 410 411 375 371 372 401
6 448 447 413 411 410 438
6 433 434 397 396 395 432
6 511 512 483 480 481 504
5 108 107 102 76 105
6 113 114 83 81 82 112
6 509 508 507 476 475 477
6 145 146 116 114 113 144
6 600 601 585 583 584 595
6 184 185 153 151 152 182
6 476 474 471 440 441 475
6 54 53 38 36 35 51
6 589 590 571 570 569 587
4 102 101 73 76
7 237 236 208 207 206 205 228
5 479 478 444 445 446
6 633 634 627 625 626 630
6 143 144 113 112 111 142
6 328 298 297 296 324 327
6 244 243 215 213 212 241
6 471 470 439 436 437 440
6 563 564 541 539 540 556
6 584 583 565 564 563 576
6 414 412 378 374 373 376
6 153 154 123 122 121 151
5 26 28 16 15 25
5 579 578 577 557 559
5 400 403 402 369 370
6 534 533 529 505 506 535
5 252 251 223 221 250
5 260 237 228 231 259
5 98 99 70 69 97
6 604 605 589 587 588 603
6 419 420 384 382 381 418
6 272 273 244 241 242 271
5 44 45 31 30 43
6 305 306 276 275 274 303
6 591 592 573 572 571 590
5 16 17 8 14 15
6 487 486 456 453 454 484
6 354 353 323 321 320 352
5 66 67 68 47 65
6 212 213 183 180 181 209
6 571 572 550 547 548 570
5 220 190 189 188 219
5 510 509 477 478 479
6 35 36 23 20 21 33
5 210 211 179 207 208
6 23 22 12 10 11 20
5 362 361 331 329 360
6 134 133 110 103 104 132
6 292 291 266 260 259 261
5 608 593 592 591 607
6 585 586 567 566 565 583
6 331 330 300 298 328 329
5 613 612 598 597 599
6 333 334 304 301 302 332
6 297 268 267 266 291 296
6 524 525 496 495 494 522
6 295 293 265 264 263 289
5 443 442 405 406 407
6 637 636 633 630 631 632
7 262 261 259 231 229 230 234
6 526 527 498 497 496 525
6 41 29 27 28 26 39
6 211 209 181 178 177 179
6 381 382 350 347 348 379
6 390 389 357 355 356 388
6 481 480 449 447 448 472
6 392 391 359 358 357 389
5 500 469 468 467 499
6 467 468 433 432 431 465
6 245 246 216 214 215 243
6 351 352 320 319 318 349
6 378 377 346 344 343 374
6 610 609 600 595 594 596
6 393 394 362 360 359 391
71 100 129 159 190 220 249 278 307 337 367 399 435 469 500 528 553 575 593 608 620 629 635 638 639
1 2 3 9 19 32 48 72 73 76 105 106 130 160 191 221 250 279 308 309 338 368 369 370 406 407 408 409
409 446 479 510 538 562 582 599 613 624 632 637 639
2 7 8 17 18 31 45 46 47 68 69 70 71