82 40 4
0.9999999974117898 0.0000000000356696
0.9999999981771814 0.1229417573846375
0.8178382348219381 0.0000000000374745
0.8200639348797218 0.1159481112743534
0.8627883576213768 0.1493881370452940
0.8674034565569971 0.2750922545690231
0.9999999977833185 0.2877802047351418
0.6422430148589594 0.0000000000393029
0.7139560781327008 0.1642230653512013
0.6446892704758251 0.1213261877072189
0.7185719996551154 0.2746114555223451
0.8351796532409010 0.3042685771450344
0.8423923817595996 0.4128272925747283
0.9999999971436205 0.4382639423174929
0.9999999971436205 0.5441173697210643
0.4723393790238468 0.0000000000400376
0.9999999981374672 0.7173280409857616
0.8597381430376396 0.5788657041231591
0.8622463251983180 0.7047260335537521
0.5521745376239806 0.1724062066936854
0.4733708949148583 0.1250554720950939
0.5540198939158389 0.2718754516114856
0.6677382679622961 0.3161327014523631
0.6688522481698376 0.4110497634797091
0.7986055035371024 0.4612995774937819
0.8023947269714929 0.5347594016629396
0.3794092362866120 0.1762318363888669
0.3068606723963443 0.1274495273764310
0.3033385064013787 0.0000000000424479
0.1467594140433828 0.0000000000424479
0.0000000000380406 0.0000000000431329
0.8336936686276665 0.7305121499076394
0.8400393674914748 0.8471538801557770
0.9999999970857274 0.8730088088592484
0.9999999970857274 0.9999999980445015
0.7015412635698469 0.5988681565001416
0.7113612936787439 0.7037077917473727
0.3790107811500847 0.2715346794509653
0.4920086161359235 0.3202819693637692
0.4937059260334637 0.4177051970893102
0.6110680574996873 0.4622006159504187
0.6159775690567525 0.5544716490153285
0.3213812076358045 0.3164844447263755
0.1950314889935394 0.2656242484835680
0.1866459883943691 0.1846165263607338
0.1480904865798227 0.1538100282098701
0.0000000000380406 0.1730771846635628
0.6612570348496873 0.7496643843692637
0.6638028613134090 0.8374206607120585
0.7938407252346111 0.8958552905889411
0.7948267467380691 0.9999999980995411
0.5343035997855814 0.6122082563173826
0.5385730008250450 0.7055869815161347
0.4382561706226988 0.4640039556983961
0.3168263553907207 0.4255805943625948
0.4433899325082157 0.5653723827345996
0.2838903748486034 0.4511043567479448
0.1363319289332468 0.3342769008822993
0.1644968002263543 0.4272504720901941
0.0000000000374979 0.3165906967570329
0.4787378702990752 0.7590571871666224
0.4791904999266886 0.8346654152374912
0.5914168346685903 0.9025962742648928
0.5914241184125008 0.9999999980999640
0.3536723195871591 0.7030255151967461
0.3518874277186392 0.6251878792357182
0.2770709645681692 0.5734424262132206
0.1745735024370478 0.6094094655309448
0.1076519989586254 0.5012227191598496
0.0000000000398910 0.5039342873028878
0.2965384060681492 0.7577471038632422
0.3924134111165083 0.9040347505325254
0.3035615731108867 0.8448210186071163
0.3948795881455630 0.9999999980999641
0.1725695916224111 0.7226649077712349
0.1487874248833078 0.6725652846316271
0.0000000000398910 0.6723107194181871
0.1222075043977069 0.8353414357937811
0.1932437372644699 0.9165643521785568
0.1878658234631418 0.9999999978682743
0.0000000000471567 0.8453391795865246
0.0000000000471567 0.9999999978682743
7 68 67 66 65 71 75 76
5 16 8 10 20 21
6 66 56 52 53 61 65
6 20 10 9 11 23 22
6 25 13 14 15 18 26
5 50 33 34 35 51
5 3 1 2 5 4
5 77 76 75 78 81
6 57 55 54 56 66 67
6 27 21 20 22 39 38
6 52 42 36 37 48 53
5 75 71 73 79 78
6 45 28 27 38 43 44
5 12 6 7 14 13
6 71 65 61 62 72 73
6 41 24 25 26 36 42
6 58 44 43 55 57 59
5 70 69 68 76 77
5 29 16 21 27 28
5 30 29 28 45 46
6 43 38 39 40 54 55
6 47 46 45 44 58 60
4 5 2 7 6
5 8 3 4 9 10
5 79 73 72 74 80
6 9 4 5 6 12 11
4 18 15 17 19
5 69 59 57 67 68
5 32 19 17 34 33
6 48 37 32 33 50 49
5 72 62 63 64 74
5 63 49 50 51 64
4 31 30 46 47
6 54 40 41 42 52 56
5 60 58 59 69 70
6 61 53 48 49 63 62
6 36 26 18 19 32 37
6 39 22 23 24 41 40
5 81 78 79 80 82
6 23 11 12 13 25 24
1 3 8 16 29 30 31
35 51 64 74 80 82
31 47 60 70 77 81 82
1 2 7 14 15 17 34 35