1282 640 4
0.0000000000098042 0.9999999994064566
0.0381303053826536 0.9999999995100828
0.0405579417508559 0.9719581046487659
0.0223139706971028 0.9549826662327557
0.0000000000084021 0.9562340827868652
0.0819570490176793 0.9999999994303883
0.0795112079762136 0.9658632806059387
0.0676216356826242 0.9597485564515713
0.0610028386773728 0.9317230600685356
0.0386876182679555 0.9277363864352978
0.0286033821303948 0.9104897397721088
0.0000000000084021 0.9086902792157344
0.1196773149675480 0.9999999994198424
0.1017364908565044 0.9556368381773479
0.1193264037117027 0.9638619143648920
0.0999522062944681 0.9225819344709214
0.0764720368229659 0.9172123270632460
0.0688302870031622 0.8910850419739212
0.0429159069909480 0.8878233215489940
0.0332896062902882 0.8677525560974881
0.0000000000104346 0.8668454319563004
0.0000000000104346 0.8262170827412386
0.1585438640212478 0.9999999994198425
0.1927465578545163 0.9999999993715478
0.1390743451651859 0.9544559902950401
0.1568568762419207 0.9626603245806762
0.1381745546874152 0.9223009511410624
0.1113038954800610 0.9149640335932070
0.0000000000102258 0.7840480367501371
0.0827285879911046 0.8750105927016083
0.1113112191061808 0.8794283172601224
0.0740968001083509 0.8491136985320025
0.0445970947405077 0.8483396123967855
0.0341677394103539 0.8258890110055565
0.0446424334808886 0.8077098035426200
0.0309414883984844 0.7836201438891542
0.1794500294208939 0.9521112269090362
0.1964346783608784 0.9602798134977819
0.2084257508038084 0.9564377092205966
0.2338208673825627 0.9723706489286967
0.2331026676863259 0.9999999994975203
0.1762315003408745 0.9212386414026043
0.1513888221102911 0.9131464862962241
0.1193879841984544 0.8734422930904602
0.1503641838148101 0.8841334165304365
0.0000000000099762 0.7404965597654922
0.0437520839310901 0.7628576431278123
0.0310856910344688 0.7405845991227553
0.0859024464751498 0.8320164152102137
0.1010239989814852 0.8303139266079237
0.1222043623294744 0.8486075388460558
0.0686301385628387 0.8056126058380557
0.0799093357218786 0.7857087205189577
0.0674370948829431 0.7630835826102973
0.1937987783914210 0.9086239591034552
0.2165400572533868 0.9156629054112921
0.2215960961277623 0.9274585060335399
0.2511613270329717 0.9359297877554160
0.2544242438584541 0.9586300411620672
0.2732951947027414 0.9677344100490705
0.2752470274406032 0.9999999994975203
0.3125371778942396 0.9999999994298647
0.3509251698035135 0.9999999994633212
0.0000000000099762 0.6972217034879075
0.0000000000099564 0.6538509186910121
0.1660204949970810 0.8721820949269954
0.1887885053145511 0.8795700450164274
0.1622281787189528 0.8435747473809765
0.1470706706667446 0.8363912910397819
0.0440038549039474 0.7190759615073488
0.0309358709892138 0.6971608496623434
0.0813395499584495 0.7416394900621355
0.0668390147974337 0.7189842149245436
0.1086243909093107 0.7850220835028717
0.1169576650281274 0.7651606590532297
0.1421588006313604 0.8059887115159280
0.1176024285280236 0.8007158079278094
0.0991905954446134 0.7413684253121762
0.2350267238272077 0.8918022264086976
0.2301688099932574 0.8737383520249680
0.2072220476480085 0.8656053841900972
0.3912019686574976 0.9999999994633212
0.4315485846947549 0.9999999994530127
0.4715148967078385 0.9999999994499036
0.5116076837271137 0.9999999994499035
0.5516598888582537 0.9999999994580995
0.2670882783796723 0.9195929543007829
0.2631271798408921 0.9012153578797480
0.2908226362229673 0.9283422703854554
0.2948354169496098 0.9551409355936726
0.3129018862143446 0.9631957114561981
0.3287936059681490 0.9560448804399747
0.3516045949088326 0.9668740212742057
0.3692326225933401 0.9568053570501018
0.3912020502718691 0.9681271517000064
0.0436181104447952 0.6753807331629491
0.0314593717111691 0.6538857271999875
0.0000000000099564 0.6105440111483034
0.0438911239380749 0.6326234972439603
0.0304221176000462 0.6103035890979777
0.0000000000096834 0.5665766836532549
0.0000000000095377 0.5223574105745554
0.0000000000095377 0.4777252252614091
0.0000000000094740 0.4330557241966364
0.5923379463714137 0.9999999994580995
0.1854102069394579 0.8302798431846544
0.2032479287974898 0.8388420950183673
0.1580136427925177 0.7931996903037797
0.1827131158836582 0.8032276673499928
0.0804008268850891 0.6963256421698871
0.0694803713693292 0.6758007907269745
0.1074220759240084 0.6983766731205953
0.1159486929338201 0.7179932924001318
0.1561346549068897 0.7679622250408779
0.1423714823432019 0.7240761696777326
0.1413027467979523 0.7585244341285629
0.2791626794928572 0.8816167998622171
0.2735814711209656 0.8639376747741856
0.2483229983247967 0.8556620429820813
0.2271718549687401 0.8242745411449798
0.2441212828092152 0.8336869149972834
0.4104912906944666 0.9569362468110223
0.4312483293454990 0.9670296700456444
0.4502816520386938 0.9562775988261289
0.4714240652728955 0.9668349488067424
0.5519213813804309 0.9667233617443882
0.5311014480390261 0.9560508626947621
0.4908900596112517 0.9560394922414177
0.5115851922069172 0.9665169808716305
0.5710192579756319 0.9565021349836911
0.5925185266644134 0.9679059308478353
0.3115122310292607 0.9124763911967538
0.3059598441174706 0.8883374291204803
0.3335253463229377 0.9214422234616028
0.3420059250407190 0.9180350965483735
0.3700159696570858 0.9320973460055418
0.4094741972997654 0.9296111319489820
0.3873580978231762 0.9204403290352760
0.0816629698826713 0.6546424965089870
0.0673269468293761 0.6319671139595978
0.0433644580891664 0.5885860078664912
0.0299088903526545 0.5664593265251908
0.0799659661288439 0.6101080306018729
0.0667535220778599 0.5883158323388586
0.0432531145222353 0.5444854125445533
0.0289703521493602 0.5221771065907252
0.0428650842301646 0.4996417003423191
0.0284409321388674 0.4776337622229858
0.0425394714991490 0.4548991891455336
0.0285011217184435 0.4330702019671015
0.0000000000094740 0.3885204348786001
0.0425281119757229 0.4106072721242178
0.0286834522866196 0.3886414695107035
0.6335707095760789 0.9999999994634461
0.6746769895765915 0.9999999994634461
0.6123665843233120 0.9566520262430650
0.6335389521069970 0.9683610630478031
0.3205221889748335 0.8724590627144140
0.2248344787612339 0.8009111334508421
0.2025448357635178 0.7891255036897032
0.1815091987766131 0.7546133639526067
0.2012788773252925 0.7667922798164331
0.1208868518566734 0.6770513671989931
0.1038752371270427 0.6533462510372412
0.1539173360200459 0.7165843645704418
0.1366783660428142 0.6756193639085000
0.1568128837375099 0.6946119679241858
0.1811549682740576 0.7303823059793650
0.3076163203835588 0.8405058585535425
0.2919002007667841 0.8405323319320457
0.2718781486536029 0.8164287890023071
0.2734138552529571 0.8041866896256212
0.2472795526600166 0.7853244064283110
0.4501302995985326 0.9292230437603175
0.4270408787012099 0.9183323436734676
0.4686580602276492 0.9179926199768278
0.4905772694516868 0.9288879309627717
0.6126708795870457 0.9317124402760076
0.5719904359590248 0.9288923623055967
0.5505652141779144 0.9177558556707006
0.5312177761434071 0.9280463441623505
0.5103504989012417 0.9174055935663903
0.5900916659071216 0.9193687957050336
0.3476231096237911 0.8736908049177480
0.3542305377493929 0.8863264835655514
0.3849935741168310 0.8935565243469311
0.3559905556265270 0.8561343972120090
0.3992392933338770 0.8806453256743351
0.4267762089767272 0.8932172163827657
0.1165708337477486 0.6305665829851743
0.1045041005811301 0.6098501054577238
0.0647367704665897 0.5439768831227065
0.0797162084892311 0.5663047382363992
0.1005498650518598 0.5652784629022902
0.1169151210117700 0.5879633126290938
0.0635817324056298 0.4993691897071168
0.0784766506449968 0.5209618030740265
0.0775806351247127 0.4759665374486952
0.0638629260375405 0.4549264411273854
0.0641539798161419 0.4106829822099960
0.0775428086111263 0.4321652106984203
0.0000000000097548 0.3442531310987340
0.0428614842427053 0.3661905740401067
0.0293881618314572 0.3444843712062495
0.0777321000387801 0.3886898125066053
0.0641753854571149 0.3665349336877951
0.0000000000097548 0.3005648160596647
0.0000000000100270 0.2579384720620677
0.0000000000101903 0.2159404632701600
0.0000000000100643 0.1742654398595256
0.7564471451413179 0.9999999994644503
0.7158000055517451 0.9999999994600323
0.6544359656864474 0.9565573236062479
0.6747267779274045 0.9680017662453581
0.6955776679586790 0.9568621500179215
0.7156556992525400 0.9679781720260090
0.6329000996333142 0.9195504703572145
0.6541637002870397 0.9320879649531043
0.7974139863663675 0.9999999994644503
0.3210571186296046 0.8270050425240963
0.3422968787333678 0.8294189650707533
0.2477658807778462 0.7664165187466974
0.2245459477596163 0.7521791369929749
0.2240936120392687 0.7293168406076229
0.2007560355441303 0.7170811107324285
0.1443742951861904 0.6313041352550202
0.1527494368154138 0.6471332924348727
0.1996922902212875 0.6927494656920055
0.1793509603812955 0.6531931804642180
0.1815450281422481 0.6827226273834187
0.3138840102099187 0.7980496165510444
0.2929379340770774 0.7907006008568694
0.2900431487368952 0.7626515850602266
0.2682548500078558 0.7528084992100909
0.4448822372332242 0.8803608929384422
0.4683706701597332 0.8921848641321929
0.4879394950583573 0.8799897879966047
0.5096403070297862 0.8913158449791401
0.6331058456546671 0.8979876437444678
0.5703169619199454 0.8799241383286696
0.5923680192422068 0.8917096357856353
0.6090637055550618 0.8833254543039127
0.5309232971070430 0.8785982472670006
0.5511424231038005 0.8893556819976403
0.3984114156152036 0.8599854013338626
0.3844941306699433 0.8489899224765333
0.3853066444194295 0.8208105188857494
0.3607254195346889 0.8101988436653532
0.4256314086064844 0.8456319050634938
0.4440442565696713 0.8570239124262562
0.1552856684332757 0.6090408316420289
0.1363401373993510 0.5860848685598742
0.0985216583394839 0.5204125808266276
0.1143535674750920 0.5415523718434692
0.1501907758010926 0.5612327828155375
0.1326899467500178 0.5406804541837599
0.0993685088082223 0.4761262918816269
0.1125866860828998 0.4959256409664502
0.1003701119238170 0.4323238562033977
0.1128386447241849 0.4525157300610150
0.1131242376752373 0.4102282568803604
0.1002639793334685 0.3886590778538229
0.0433266523709604 0.3217810128926327
0.0307432992998027 0.3009327185059954
0.0787443143432289 0.3442204658823365
0.0655700686590173 0.3225024841091727
0.0994957456832465 0.3448661547344953
0.1130703658965632 0.3676991483125029
0.0438880002633931 0.2781082348687399
0.0325485076082914 0.2581776402407447
0.0440427601757122 0.2366111962692775
0.0331069956198176 0.2160942314781712
0.0444299698913396 0.1955418269759776
0.0330196933171392 0.1739245219970161
0.0000000000101178 0.1315104455256303
0.0000000000101178 0.0888257892794190
0.0000000000099629 0.0459675058019676
0.0000000000090441 0.0000000000122022
0.0438438829756930 0.1544864643947288
0.0314472820793936 0.1315848185307783
0.0307704041255995 0.0000000000122022
0.7974165874753378 0.9684779056749944
0.7765425096765854 0.9568267763649559
0.7365699376318404 0.9565845413536607
0.7565725158821709 0.9673765184254173
0.6766576430923674 0.9190818878507726
0.6955983892601281 0.9300042557990971
0.7164199107026081 0.9198081583483531
0.7360529831683525 0.9300390029529381
0.6549397513825002 0.8831754008751488
0.6753204966150670 0.8962560818617096
0.8788580488789454 0.9999999994497221
0.8385523554777172 0.9999999994645463
0.9168920414427469 0.9999999994300321
0.8183079148651652 0.9567220020242095
0.8381322283558403 0.9674275783250468
0.9586017594323047 0.9715699792014653
0.9608421408335268 0.9999999994077154
0.9999999994566108 0.9999999994077154
0.3353922680441975 0.7816196241592581
0.3571313854126744 0.7915032182142813
0.1741701362633360 0.6051377749874506
0.2665487958724148 0.7270535387281267
0.2442400011476062 0.7159890694658732
0.2215337974852481 0.6796455515361420
0.2431135287325603 0.6916229515069823
0.1938034074906260 0.6418844522548467
0.1948231896804123 0.6235010543785113
0.2212391334995689 0.6563766562040781
0.3317380059486257 0.7583153308117434
0.3111403320586875 0.7486066899100702
0.2875735715423048 0.7133180993474046
0.3084284729587444 0.7235704273012228
0.4671928009816367 0.8435483062851535
0.4873923387455560 0.8548742998972108
0.5086905086408461 0.8425621088542845
0.5294804532903373 0.8541639025747492
0.6543330944021302 0.8670892784071442
0.6136275006229336 0.8578999862996191
0.6298744644568298 0.8508312245709149
0.5907385073423637 0.8421446055177906
0.5534571201908308 0.8390461748181032
0.5722038461426168 0.8494470832796250
0.4025359673439758 0.8101034609309316
0.4240922988661635 0.8207075391094227
0.3784182473135454 0.7735780902760468
0.4017016934598932 0.7851072150435372
0.4660015353465824 0.8184059239151542
0.4447329043417905 0.8076928101044207
0.1847537937439485 0.5779331892228814
0.1661826619842344 0.5598906498768988
0.1347046834231886 0.4964012163699003
0.1472356100546094 0.5145417771143586
0.1692415154194749 0.5156264471554083
0.1806213882161018 0.5316279221765271
0.1369506178830648 0.4531399734598827
0.1481907101807879 0.4713258194750183
0.1377704805857695 0.4101471682897898
0.1493474437300357 0.4299220436650889
0.1364038560015584 0.3671738886010836
0.1491568256897192 0.3892668408977052
0.0803857994941944 0.2992536791535261
0.0687113501743207 0.2793116251745174
0.1019721465171900 0.3008291819057278
0.1149385659451685 0.3228104566657730
0.1342320913928957 0.3238778757694647
0.1479348874224862 0.3479215457004720
0.0728520295204161 0.2370374857530255
0.0825308411044267 0.2552636289262328
0.0826520445645332 0.2167082366479286
0.0718331050392984 0.1955284001292066
0.0834248289438334 0.1750301722847749
0.0704827632849948 0.1532549175527924
0.0439986944639094 0.1113717738202857
0.0328121550314935 0.0885999711493783
0.0426944888254154 0.0722204632814822
0.0318191404939019 0.0447091159481224
0.0378750141562122 0.0365198815276293
0.0806163526895991 0.1330646353219931
0.0690072110250343 0.1125317665761914
0.0684404022932109 0.0325879517076434
0.0728810653519749 0.0000000000086309
0.8175337593400875 0.9314642406483384
0.7774896399054128 0.9302128680009284
0.7973262117637021 0.9205483645666483
0.7571087217580467 0.9181744295408278
0.7571862034901304 0.8965348601329722
0.7165641334225478 0.8880397481207443
0.7014385886106327 0.8805628188553465
0.7339081221637636 0.8812865609655205
0.6950450225313747 0.8553714793710580
0.6745955608414849 0.8495202877334906
0.9293801450126936 0.9592658195347051
0.9192181283631903 0.9646033708891840
0.8593156360578639 0.9560357831900864
0.8976528043456572 0.9557505633356220
0.8782560041830700 0.9656044268561991
0.8578659035918693 0.9291274532980753
0.8399788098668998 0.9180720282991380
0.9369707684913128 0.9313845665051390
0.9602442778431464 0.9269105438291462
0.9753138653958112 0.9554259638930819
0.9999999995282304 0.9567694724863902
0.3758051861091897 0.7530461828999666
0.3538504434057546 0.7422624078907052
0.2008874522695735 0.5749967006403105
0.2211330616193399 0.6078730954074277
0.2211767250859492 0.5920002553320285
0.2855325320897140 0.6884360853130954
0.2652919371378387 0.6776161430734082
0.2635865751799150 0.6544434044810538
0.2418585244249886 0.6417624852352485
0.2409394078136094 0.6229033017276648
0.3303364356090789 0.7089075537484691
0.3509923706798445 0.7189082977506679
0.3079152433973165 0.6745034899972312
0.3274668925519202 0.6838832659180893
0.5085206945816437 0.8164384330003910
0.5504433913656880 0.8169501942103524
0.4861937834757815 0.8058024358218392
0.5246071308344659 0.8065412870090422
0.6364445130653071 0.8256503851820792
0.6665125969111680 0.8246162643931531
0.5974144393240807 0.8144586916629425
0.6271789329237880 0.8128307054115933
0.5867431253886094 0.8010577325708207
0.5680668110598075 0.7999610023578162
0.4432301026629759 0.7827937341918654
0.4216805293045794 0.7716641951161007
0.4202485437441342 0.7482518821636315
0.3968257889761211 0.7368330490071875
0.4652816536035118 0.7688707853055781
0.4847499758048058 0.7798397790906741
0.2034841493239125 0.5334120306577808
0.2126922126065030 0.5474469399475228
0.1734716251600966 0.4728075048282672
0.1833884827574108 0.4885302110928256
0.2077668451157867 0.4911350620608887
0.2174578153904108 0.5072634913331182
0.1759471645441006 0.4305162476502885
0.1858962789831921 0.4472672958734816
0.1753416657319548 0.3882986203606181
0.1868864822658477 0.4075925152575419
0.1721224402530767 0.3464363625857164
0.1851930702804444 0.3679537421043076
0.1085202538088066 0.2582603114583828
0.1185814420949254 0.2768509919944839
0.1393602695166223 0.2800340749195375
0.1508634947588227 0.3029606972511849
0.1687306313557370 0.3051084083332038
0.1818000383252374 0.3283016952476702
0.1055206512229577 0.1743049501863142
0.1159954959183559 0.2154172111576139
0.1237922872471378 0.2323657966218683
0.1221595818046979 0.2000371640304581
0.1110938854551620 0.1314758329660463
0.1199099474234755 0.1527335669397385
0.0730944927978493 0.0711029945175419
0.0842358782747889 0.0872375463403149
0.0806532925512077 0.0451321033402618
0.1176443481635905 0.1190142147019877
0.1012820177338088 0.0885904255121826
0.1068511519367042 0.0399734136403867
0.1058737755352446 0.0000000000107899
0.8391083134869675 0.8982291141803380
0.7986534978142916 0.8890551893823678
0.8106988745073690 0.8832797086557437
0.7799814166434946 0.8815005044945444
0.7419186275872548 0.8537461792034299
0.7730592090854617 0.8550750702792765
0.7135297704384452 0.8375046438724606
0.7327358327374769 0.8398712127882624
0.6754271869695986 0.8108081167577789
0.7009059247374995 0.8104810583101364
0.8959239660068234 0.9208900750756502
0.9196800316669659 0.9144645987730864
0.8861572356904515 0.9155910563563037
0.8794441572828716 0.8878886548661028
0.8568125481026787 0.8824077388158669
0.9278467249854121 0.8904146620389624
0.9566647707777581 0.8885215975482972
0.9690866512583464 0.9119915565917821
0.9999999994594732 0.9102256720527595
0.3945550359970110 0.7144768721787238
0.3725374074115995 0.7037945717371400
0.2459656360282619 0.5752406828526413
0.2379433023721733 0.5500857936240019
0.2617719563996803 0.5812960426432553
0.2678350477022253 0.6057086265817345
0.2874900957706019 0.6390391315903460
0.3048048166908749 0.6472556285676523
0.2824357077404881 0.6131014275982858
0.3700699320470309 0.6795576325648075
0.3491679320948364 0.6695621472410820
0.3262476856666278 0.6349264844612921
0.3465537391434376 0.6441297372791599
0.5097066824487272 0.7662386686439845
0.5523404607088968 0.7686673527235749
0.5258593935038027 0.7770785219518954
0.6355942987000154 0.7876335132198803
0.6648038719195007 0.7872445862421017
0.6005424174133865 0.7722415540010559
0.6258409286548006 0.7729530361538256
0.5574368557237971 0.7589865096914981
0.5893860865028160 0.7563759092013357
0.4637679138362991 0.7454888556462479
0.4398033483074788 0.7340765496290911
0.4381762215656222 0.7105018437536810
0.4151476786284100 0.6994514654297725
0.5084610971633911 0.7427507289976732
0.4825348221030069 0.7314846525182017
0.2415095264645444 0.5098402862636219
0.2513254324309875 0.5341040693205459
0.2229778629778841 0.4641701590368766
0.2139490809892744 0.4491451251790227
0.2449263554044861 0.4674740477869445
0.2566139649787725 0.4909404723519988
0.2148446145876221 0.4071231923188646
0.2252611284446915 0.4231636094841998
0.2245757135790892 0.3825523204653397
0.2114225486046602 0.3656435854639509
0.2203213620521747 0.3399339616234600
0.2067527129039489 0.3255529871659925
0.1526774656288071 0.2391397291662282
0.1578048322012136 0.2582256294762305
0.1844627861675215 0.2683315130622598
0.1877044323811825 0.2836817850209988
0.2141862045777924 0.2965127098213340
0.1484577929424786 0.1911095410045758
0.1486395594814400 0.1582958232274871
0.1682378253669896 0.2203829501614360
0.1663702544977158 0.2023202805371063
0.1588865664179412 0.1505887675666147
0.1593569391707601 0.1228081793281118
0.1431444386576380 0.1115197297088308
0.1201560229539248 0.0711177742024316
0.1164011385415805 0.0459364686531089
0.1455155021192050 0.0813300947425316
0.1437425213512961 0.0341117646936506
0.1431090578279713 0.0000000000107899
0.8189439317899820 0.8567480750595540
0.8489405860835862 0.8553950443875202
0.7837401409869693 0.8405198765990598
0.8075441987908333 0.8405052552205952
0.7716203711942168 0.8149216826746313
0.7485805714140034 0.8137792064820594
0.7133831160608464 0.7926667844930483
0.7359753380743030 0.7929758265727465
0.6752254558862580 0.7689178504113099
0.7009718140810484 0.7689423256732618
0.8572454678360345 0.8433059425937525
0.8962564925054303 0.8709890449467238
0.9156829701735687 0.8724772812866763
0.8831056663769294 0.8424024631101903
0.9311344092147331 0.8476884875114802
0.9554836688824890 0.8486989736583412
0.9665837327747693 0.8695083592919270
0.9999999994475705 0.8691670801553371
0.4131040671076106 0.6760825430327759
0.3910694157195096 0.6652534358714010
0.2830685041340963 0.5643181220370387
0.2744296738464289 0.5367385346808504
0.3023964871986047 0.5696311275029248
0.3099263927550963 0.5967088072340431
0.3240808887806199 0.6032291533642932
0.3675596053385348 0.6298970434121066
0.3428784684061716 0.5951150767803937
0.3892126388828538 0.6412684658939567
0.3662941149222236 0.6093030220824476
0.5488029773427974 0.7350250694738830
0.5252170270113355 0.7290716888548544
0.6644434628067750 0.7483111327697098
0.6372948774924532 0.7472065283984929
0.6280836484357096 0.7321793523935904
0.5982699413701402 0.7299864504340691
0.5651638883423643 0.7163185861808838
0.5930763000521109 0.7218928268992494
0.4578270191369561 0.6964812963379979
0.4807824852848956 0.7067893505334697
0.4556161814401015 0.6715695678356313
0.4336061383516728 0.6617111162274811
0.5202820252780882 0.7010570994502731
0.5002890937597250 0.6930745820852433
0.2772983185606143 0.4927505618666860
0.2884612573514534 0.5219340006608532
0.2921815871124581 0.4774946355980417
0.2653559290519266 0.4430063767115156
0.2535239256560521 0.4236632070801291
0.2793486353836773 0.4457219815175227
0.2645744576542631 0.3984303641944517
0.2491863469479999 0.3799975301047727
0.2592714395169313 0.3534125163169751
0.2420501348385639 0.3366194204063054
0.2517965265736821 0.3077095072623459
0.2264176743622726 0.2911280076719376
0.2050995217196782 0.2457896688572710
0.2043174188309966 0.2349706745047348
0.2327335650053023 0.2652458466760985
0.1869310791497145 0.1600703345420420
0.2153601697087597 0.2205431661756040
0.1905619712448919 0.1852300795544968
0.2094768071020898 0.1935974520778158
0.2033926202961426 0.1459454846020009
0.1835611430093906 0.1116008622410824
0.2024073822898283 0.1226380490511434
0.1603768398454308 0.0727839537019097
0.1833686793330546 0.0835484752021628
0.1613409825787670 0.0445483399103925
0.1820319787216399 0.0347001640669433
0.1821296017420675 0.0000000000104705
0.8462475222159390 0.8168654914459250
0.8200132993589611 0.8166315084891771
0.8080180837911868 0.7961402273616039
0.7854041170336399 0.7955503975022142
0.7496639257449722 0.7711292302765269
0.7725316777631823 0.7713944676603813
0.7133891614327685 0.7489368713591977
0.7365835607049710 0.7488352646160754
0.6764756999945895 0.7269223361414799
0.7003434340779318 0.7263873871240756
0.8576290520110907 0.8001239949603353
0.8949737089806432 0.8258395127772773
0.8822554789763409 0.8000047859595003
0.9184368355424183 0.8256916214972018
0.9310733694956631 0.8056757365857898
0.9561809099532805 0.8056615831783253
0.9678455738415424 0.8277908103727296
0.9999999994592697 0.8281098972029755
0.4308590189249600 0.6361288919153366
0.4106472362709462 0.6272799944516059
0.3213068548571812 0.5524588423625901
0.3101910897492281 0.5235511948207694
0.3432928297957888 0.5560156171400120
0.3495241458981381 0.5653239063777653
0.4068675764434350 0.5989361498666468
0.3820922130243455 0.5684925298285209
0.3892047589739817 0.5921282526068967
0.5424226845668785 0.6859699303621505
0.5582093376511378 0.6928029001939098
0.6397041069126874 0.7068236452193434
0.6628792557655385 0.7051150046091315
0.6237655597921307 0.6869066071270366
0.6035147088531309 0.6905398185965548
0.5846123885641586 0.6748561256115807
0.4968947575838330 0.6671028662838667
0.4753402989146090 0.6577239773082239
0.4728488843172552 0.6330402723330849
0.4512496854580919 0.6223288107462548
0.5375604221039215 0.6607261395263176
0.5174395412198382 0.6524933749330702
0.3129107130242601 0.4786963071473979
0.3239068186127607 0.5085333148749946
0.3245402281589360 0.4666402042916546
0.3013342989741111 0.4305254276172784
0.3198406925855396 0.4391269255923414
0.2988116502186221 0.4023865582802786
0.2902331595316255 0.3953730336125239
0.2943798109774374 0.3614338755681865
0.2802328750352921 0.3496995131289078
0.2665004365591496 0.3030425997444984
0.2876201188105163 0.3193745219352919
0.2521917258861384 0.2565728757754333
0.2744541851358526 0.2771497042748937
0.2576901345157078 0.2359159933766140
0.2471603155626673 0.2210859561977520
0.2341862922691919 0.1589644197450922
0.2554651582350842 0.1935551885553685
0.2342625173578758 0.1760503827167867
0.2460238895312352 0.1476011568641268
0.2251873894509698 0.1094411805078855
0.2425803212169770 0.1182837760833131
0.2020589590193737 0.0727744679602995
0.2233404551972550 0.0828930454532584
0.2015754450698344 0.0446494385587913
0.2206870995561689 0.0343238995909022
0.2208567911673462 0.0000000000105712
0.8456584421153481 0.7751232068471556
0.8214478838854757 0.7747627838096104
0.7859009377886613 0.7515804588369622
0.8089292288636503 0.7519056927453880
0.7730168407566840 0.7277586731556507
0.7497216534365669 0.7275838218913829
0.7369417572048003 0.7055483741908369
0.7125503793348009 0.7055491907173627
0.6738285015287850 0.6845705289147052
0.7004130144467373 0.6842626862980167
0.8582436025970885 0.7567580576900007
0.8946448318704117 0.7819388316836996
0.8819231190592735 0.7568608612452346
0.9186113331160388 0.7818069861784191
0.9306447541748851 0.7636000397147595
0.9562696920132964 0.7634875428621316
0.9677741556717404 0.7863968840931930
0.9999999994592697 0.7863571404554499
0.4270394429617807 0.5863924584549907
0.4498885194375024 0.5996898964342069
0.3464507337610560 0.5097601337840674
0.3580191851432991 0.5266915929886369
0.3951700666131151 0.5495047923585172
0.4280444205769718 0.5657616423814509
0.3798236426008186 0.5275245639179136
0.4091460076000178 0.5488671637082031
0.5839622606563375 0.6578353429108916
0.5576409584366893 0.6454278838728299
0.6336378121406412 0.6638869705557302
0.6255129715412296 0.6496920110307615
0.6626420118484397 0.6641733657073631
0.5988674189730957 0.6445913375838859
0.4946021845485071 0.6183343998588255
0.5133590114481071 0.6266946408192389
0.4723649364400588 0.5845802362925295
0.4904798493283978 0.5926012104717289
0.5556172730745336 0.6218939787281027
0.5353303816142615 0.6120499575042307
0.3602580959424732 0.4839919369566773
0.3525137955979524 0.4699538525317455
0.3447297972041812 0.4248791506563120
0.3635968132288279 0.4462483648502679
0.3311986078157075 0.3936104795676588
0.3470317138264560 0.4114583447153843
0.3353995007720080 0.3707420467779102
0.3205557969376788 0.3559043795125095
0.3263093469486446 0.3298783888758252
0.3087014607114214 0.3135017503200768
0.2967167686241003 0.2702573707176290
0.3151425392550119 0.2891081078322071
0.2883164638424890 0.2301385999020874
0.3029791630965383 0.2484349263512664
0.2768142500482811 0.1876991633417250
0.2948233536600266 0.2078704365932059
0.2843651574771109 0.1655757773521022
0.2752885827868491 0.1512134397015214
0.2665144455916142 0.1055543292131515
0.2869806257635464 0.1224667555768309
0.2681772719504230 0.0842896712067510
0.2428054315019988 0.0706782402962255
0.2433241832293930 0.0449292233248296
0.2592838757099384 0.0352270078856821
0.2587573117595209 0.0000000000105712
0.8222509377860627 0.7317458312920117
0.8457674323743243 0.7321358489500621
0.8097083876042854 0.7081834642012956
0.7862584617734441 0.7078409412878888
0.7734126778771412 0.6838037341904707
0.7498864415407381 0.6838028755752837
0.7120038337442636 0.6628912615101340
0.7368366164611146 0.6623169698172535
0.6734031993592341 0.6438452503109000
0.6988184284931795 0.6412571596049058
0.8590893309232246 0.7128753190034237
0.8947885067619475 0.7382467195028608
0.8819829893740225 0.7133970531610740
0.9185771251718051 0.7382575802856799
0.9301770217170877 0.7219802381838230
0.9564641703985125 0.7219750595296015
0.9674357942432162 0.7452858062261168
0.9999999994578259 0.7452744735880171
0.4672564296132899 0.5577984234162143
0.4554599236776619 0.5521739401352408
0.3873547404803138 0.4875337783367016
0.3952079002686166 0.5008835338662421
0.4190042293533693 0.5054569087393511
0.4482602295889891 0.5242230996711197
0.4268823285412792 0.5189591108100788
0.5771654966294688 0.6079465452892466
0.5946653585045265 0.6162529020008111
0.6567711389883815 0.6181230173994230
0.6184999369494874 0.6030627262039467
0.6395903058089283 0.6208822835107928
0.5121665368703562 0.5780564902905345
0.5323563327167502 0.5867647108294554
0.5081789241793426 0.5509741538946513
0.4917868599835326 0.5438691940856665
0.5519639895624237 0.5732490066769570
0.5742536979619149 0.5822898338163893
0.3855986918703375 0.4427632764154654
0.3992869948468175 0.4614234372198547
0.3744010295550058 0.4004807982161355
0.3939222293529981 0.4218908198442164
0.3789826315392386 0.3816322381678610
0.3618316129110951 0.3636360049962318
0.3675138595703208 0.3404250728007616
0.3510726353082658 0.3233376008296438
0.3569414480473583 0.3002345458588028
0.3404422195802855 0.2822031154456917
0.3462589538835033 0.2603949172551664
0.3310963530260561 0.2420536641996015
0.3212852442584030 0.2012491107777492
0.3370923519228971 0.2208887111667877
0.3150199230616209 0.1628177612641804
0.3274683030218309 0.1812786725397088
0.3057439497058519 0.1186763256952197
0.3226819414844868 0.1423312135909796
0.3134564052250945 0.1039390411210769
0.2851477772706080 0.0730969751934400
0.3043160605632874 0.0794335510027310
0.2824889898996336 0.0434585609011830
0.2968413448787061 0.0332930897370000
0.2969398869858065 0.0000000000103322
0.8230861437081504 0.6881284839494278
0.8467548046697007 0.6890320220110223
0.7862123152274845 0.6645630466297591
0.8113044210740966 0.6650864978024807
0.7740965287000813 0.6397056610595120
0.7493268563148030 0.6395013266376256
0.7369027423566916 0.6196300435997841
0.7079335341431254 0.6220385341737247
0.6661232518095401 0.6029366234429800
0.6962531554040413 0.6013464777207780
0.8959719773774228 0.6938570341280079
0.8832068504051618 0.6699157597671058
0.8611662162092365 0.6681526736212835
0.9188836160310212 0.6944235441080777
0.9299165083558594 0.6811114697559243
0.9569339519601284 0.6815007257587388
0.9672089037048122 0.7047721524557872
0.9999999994593849 0.7048287541051639
0.4664317688391893 0.5089454725807767
0.4865713140590179 0.5146720671346456
0.4362739904407203 0.4768444449159712
0.4262927342676534 0.4606629714056616
0.4588205643227798 0.4811324134497788
0.6203621997510720 0.5806674454750005
0.5914629095753080 0.5694446705551174
0.6568130720366361 0.5767015518843307
0.6300611881622318 0.5732875315277043
0.5491285350917302 0.5462806093928315
0.5298430509144338 0.5376488167017565
0.5269403189186551 0.5108516542542252
0.5046399530380592 0.5014607364139665
0.5901518492198929 0.5428905509978783
0.5696559987355717 0.5335981614825355
0.4355870972693705 0.4372407250498329
0.4142879663733519 0.4162092886416847
0.4226678650751736 0.3926977013427075
0.4031455823870175 0.3738972129083487
0.3932450368097452 0.3338766253391749
0.4092031120641856 0.3508320485482162
0.3836233559465684 0.2934833471642934
0.3990936224167435 0.3106647313093479
0.3744667464157229 0.2537485864256829
0.3892269368341503 0.2710029162951960
0.3653604191164113 0.2142195087444295
0.3799776026239129 0.2316227927696452
0.3578916629714282 0.1759552025727813
0.3708580278577621 0.1921341071572452
0.3502400666909679 0.1368462498532251
0.3636008709618154 0.1526448677564412
0.3557956679653395 0.1130929374345531
0.3452231988538962 0.1002763617956917
0.3495991598704684 0.0758942221857673
0.3277641328743607 0.0593902747671933
0.3267584724192080 0.0434248207154864
0.3347063069813441 0.0348763275388157
0.3320747772968825 0.0000000000089280
0.6690902337311404 0.5622072576017446
0.8503921226913222 0.6471955177523330
0.8244191147248472 0.6444934245736719
0.7875307773219995 0.6204701037054616
0.8162875016196727 0.6263743379282058
0.7827424569512648 0.6043603962121007
0.7462864197721162 0.5966859956366755
0.7599448649751362 0.5926181311171662
0.7058234325291326 0.5803057255036665
0.7255281661293632 0.5775263059768806
0.6920771631890921 0.5623486134013624
0.8651946707977339 0.6241137335619938
0.9204726406625189 0.6488530127614995
0.8858169762431420 0.6247266435288603
0.9001855097016812 0.6475222658796862
0.9294920119345944 0.6407615035565126
0.9677550258310139 0.6643777945045242
0.9592696287759486 0.6444032811436424
0.9999999994956446 0.6654168552308187
0.4763274877367871 0.4653233362348963
0.5025526105669239 0.4774088297399883
0.4545768999529836 0.4315608432698783
0.4749324510024293 0.4460494472413203
0.6095402842844093 0.5313292641434399
0.6281802094321945 0.5388439519012898
0.6488413165395488 0.5285351238532741
0.6586798450311286 0.5322202305037506
0.5673912601084785 0.5064224760679129
0.5474800434400590 0.4969682907141021
0.5447980981430384 0.4731555133710845
0.5228424648435787 0.4619070022353153
0.5890212073525180 0.4937598697613352
0.6066821003866866 0.5020544538673462
0.4420100564298504 0.3874974654149772
0.4610366183905929 0.4028303812363245
0.4348336361340010 0.3448580422353263
0.4495016666248213 0.3603131660267869
0.4261593644933291 0.3043472305410660
0.4408736663588075 0.3207744788531932
0.4174414541258995 0.2645200075608735
0.4318545871376376 0.2812305265069501
0.4229328190344792 0.2418929432173302
0.4085809646705120 0.2250614256486285
0.4002625841674711 0.1861807257184886
0.4140023193853266 0.2024039699218149
0.3921109306641016 0.1470287651529201
0.4058278996465273 0.1625370946186724
0.3850539742398766 0.1080956280213710
0.3978038653769891 0.1219330806180091
0.3718228258107779 0.0665745845008487
0.3900899999022497 0.0823981294322823
0.3750766120430566 0.0428260494060615
0.3675228432240182 0.0347324402811401
0.3702814257348696 0.0000000000104071
0.7039421254291882 0.5355131604650043
0.6840649572942961 0.5195156224339701
0.8316809175237477 0.6021097437315139
0.8514236501492793 0.6028275012440190
0.7689608797255738 0.5596104907377367
0.8166784797910823 0.5803827315856284
0.8058856241712326 0.5794092022357454
0.7882405743463705 0.5573816163040085
0.7534391419180808 0.5465485216898262
0.7374246905726035 0.5488392314689600
0.7183114798487830 0.5326655402227360
0.8670639253539785 0.5784660812209209
0.9015764442096921 0.6005571691343127
0.8828512364567919 0.5776713699528746
0.9199974866822139 0.5994977234211357
0.9294437033410984 0.6079188448378726
0.9592322356321840 0.6041862340318435
0.9714920505868025 0.6243027488489715
0.9999999994956446 0.6242897356037438
0.5010806221842967 0.4287132502319820
0.5207586983174906 0.4410657561742724
0.4993140552550949 0.4103451125550869
0.4809691202237735 0.3968687932231382
0.6431342045904378 0.4953520287210484
0.6305247971668854 0.4892514632960684
0.6676904929162243 0.4849994109677179
0.6858749208520090 0.4982899204751999
0.5678937721598463 0.4570340340570639
0.5859701604657856 0.4653480340364484
0.5450542996558736 0.4249348626853546
0.5629143581606687 0.4326596377537837
0.6076203176538442 0.4530421942829428
0.6262452756875565 0.4623860868718337
0.4756094339584813 0.3561590993415543
0.4867718025115794 0.3686897515244090
0.4681743319418288 0.3150454071785815
0.4820207634600313 0.3310216710533133
0.4741599786714382 0.2918332625901545
0.4601019047596390 0.2751066323053522
0.4658258227882852 0.2526180381945385
0.4515242327887796 0.2354908436345649
0.4571232883231064 0.2132447649012427
0.4427556001113759 0.1961478093001677
0.4337697070446185 0.1565977480001788
0.4484609010656633 0.1734490896891960
0.4248292458496473 0.1167364794271078
0.4398197838497752 0.1327677768358114
0.4141635324472026 0.0748928069134997
0.4315579585401496 0.0902376289604398
0.4186692617545482 0.0479023007815874
0.4034428809634905 0.0363861812761516
0.4062119728074995 0.0000000000118564
0.7092165629944138 0.4878493149027713
0.7283578272703581 0.5048452096067976
0.7119755180463188 0.4698155810840540
0.8368265099172721 0.5553529042968716
0.8481443787047335 0.5551086809455061
0.7643564307592622 0.5155067231948911
0.7808912679831016 0.5128598372467964
0.8006699672893450 0.5335602412615905
0.8163988872975704 0.5313889843648731
0.7467789809322136 0.5010850868170659
0.8656794653380715 0.5309340201570910
0.8820060774126536 0.5305338572350257
0.8984700234687115 0.5529311810582080
0.9303760048592024 0.5672964384262810
0.9183020296121043 0.5526218069081188
0.9567379232750098 0.5669522792217613
0.9676656316552775 0.5842419531824512
0.9999999994951119 0.5831573883759699
0.5386024326382555 0.3950329008897593
0.5152029583956760 0.3661557750646841
0.5278253358060836 0.3913486291656900
0.6699745673823450 0.4582592493789616
0.6524783237260590 0.4454815086875232
0.6925832828056395 0.4509923090002002
0.5573458515591572 0.3841345360021630
0.5871981137369069 0.4143138763769017
0.6062673925477843 0.4241528772313846
0.5836439185025667 0.3965488368614219
0.6510880497468162 0.4303912604065097
0.6256604195155266 0.4146491202108537
0.5245696426394265 0.3476068734591526
0.5092318362376909 0.3261131879925032
0.5168986693494998 0.3052252523475415
0.5023357001770813 0.2862357533167377
0.5088968058844151 0.2648160750101582
0.4944324163116018 0.2464641712139444
0.4857104521497607 0.2068395009497884
0.5004047764517894 0.2252435485616373
0.4915198420014053 0.1859265410808676
0.4764371722426800 0.1670182238834247
0.4822935795855104 0.1470217853339622
0.4665940987382000 0.1265349420440282
0.4557244203680584 0.0841331456512395
0.4726018100446206 0.1091088016911706
0.4611901102874899 0.0724479213101227
0.4490999641101925 0.0425430578914944
0.4428083182145743 0.0397714838987062
0.4379230392937815 0.0000000000118564
0.7000249957319666 0.4272104998471772
0.7554444849294507 0.4692723052833336
0.7358199799829173 0.4304603811198370
0.7377957382335948 0.4575617061438622
0.7715325226565550 0.4654417008755908
0.8107218876516197 0.4848710224415447
0.8298834693027608 0.5085944399207134
0.8477177623103335 0.5066121422593215
0.7934325790045028 0.4878546417941206
0.8604610823651713 0.4857911948116195
0.8824940351451096 0.4846349113762016
0.8970374900994902 0.5074455806911713
0.9184814843730732 0.5074382605900729
0.9310423269078164 0.5259084254840850
0.9562761530704013 0.5260629368756676
0.9671877092638974 0.5438051092664398
0.9999999994573772 0.5437804470224623
0.5489468125658840 0.3445522084470374
0.5604088661361065 0.3557689559695629
0.6932045294921173 0.4142338522570763
0.6716574954690766 0.4099839455822371
0.6034015614943625 0.3742746318654060
0.5885398972069616 0.3513140452981087
0.6217132557495262 0.3758331527665427
0.6305618108728739 0.3868014285352029
0.6611345066848219 0.3861777726807794
0.5437247709707194 0.3009188054702553
0.5565102981102559 0.3154653944277017
0.5370711847160522 0.2593774465400531
0.5507006309156818 0.2757664385303710
0.5289620436994502 0.2190071451187255
0.5432949508307470 0.2362655300662999
0.5199852096097114 0.1793361225059104
0.5347244226605266 0.1966651804274469
0.5254864938514153 0.1568392218659795
0.5108603915243680 0.1400768248057473
0.5012542699066208 0.1014852734059624
0.5157806413535937 0.1176009308261483
0.5053776703926031 0.0790304549541642
0.4925721521059484 0.0653581406048712
0.4955018547707877 0.0416255423435579
0.4783459246457847 0.0286486309292969
0.4783168791601659 0.0000000000095637
0.7441728855968254 0.4205963756395654
0.7085297320720448 0.3896791609312581
0.7335817030715206 0.3909831327612874
0.7682681313736964 0.4204265685486728
0.7828931499701777 0.4428769214196706
0.8073553008726068 0.4407963407881005
0.8455852710892906 0.4620268715780363
0.8222139005767694 0.4640188985587914
0.8568564614313371 0.4424733321413217
0.8947718668770207 0.4639915717021343
0.8814910010927387 0.4412753267634857
0.9188166622186072 0.4634231604487244
0.9313835511964907 0.4839935336474638
0.9562276311259875 0.4840646179942413
0.9676173040163079 0.5032520647173483
0.9999999994584161 0.5033051288973805
0.5841070247200628 0.3122890189667159
0.5973974758520162 0.3305999729001975
0.6965079844607727 0.3673260766461940
0.6720128525690815 0.3676766757004157
0.6357606861634255 0.3456677268461607
0.6225984928288885 0.3284814718483491
0.6591987180333012 0.3457489359375616
0.5790106823927312 0.2712596817692245
0.5924234010868217 0.2888028929717501
0.5717003866069656 0.2305147880380647
0.5860712627135133 0.2483628212573914
0.5779940645104784 0.2080089576975514
0.5626656347292565 0.1902557835275152
0.5531551747565605 0.1503388396596218
0.5686047996427278 0.1670983177188779
0.5436767865090317 0.1104640485321726
0.5588502419191442 0.1255890756953308
0.5332664971652433 0.0714651436085469
0.5480738457002694 0.0846322155889315
0.5362295639644338 0.0443332787222103
0.5177559296823143 0.0322928959544102
0.5190017613035345 0.0000000000103445
0.7084360624386220 0.3485956182426966
0.7823486461641439 0.3977804616268530
0.7464312704836671 0.3744930662255127
0.7685270843742613 0.3749327124873032
0.7338828429876536 0.3482207453907678
0.8186669033386708 0.4202663008610327
0.8051208527655642 0.3977750801384854
0.8433925878811297 0.4191180293942358
0.8548294128254027 0.3997253602573475
0.8804520133183042 0.3990505873130806
0.8927719548780970 0.4215906355894719
0.9305736624035121 0.4422031165688339
0.9185051358167012 0.4209853110413210
0.9562884717664876 0.4419744720065104
0.9678503702611266 0.4622301011429357
0.9999999994588622 0.4622424004484014
0.6199025877327097 0.2855889704860170
0.6331246684195443 0.3032454744930229
0.6722004698595101 0.3234184283882787
0.6956258668912285 0.3228056888973544
0.6579798585837930 0.3018568710451848
0.6283302265029911 0.2617155000146388
0.6140371311709952 0.2433738465953753
0.6211898629722530 0.2206742028283169
0.6049859299258296 0.2018640109984634
0.5949121110814984 0.1607132437828037
0.6116055555402893 0.1788829511704383
0.5839457595974613 0.1194889604843439
0.6014002550295323 0.1367806648747038
0.5730147574830873 0.0775248765304302
0.5909816739916047 0.0926196197612131
0.5779812229270924 0.0482035679926187
0.5560933769604779 0.0360260818369464
0.5585942732041467 0.0000000000117410
0.7066712438299900 0.3070232997567710
0.7459878383058960 0.3298857586524876
0.7342036295873345 0.3065530654328328
0.7832947554687791 0.3526829598301354
0.8051077321503045 0.3532339233955284
0.8185739581615945 0.3760621143754154
0.7700505484997059 0.3301938583185828
0.8420922909023402 0.3760299582061248
0.8544247374896038 0.3572445404256594
0.8801390765850315 0.3572528095045167
0.8916541047962366 0.3797153648845643
0.9296988830491153 0.4006514356384669
0.9182410149578556 0.3795106814335578
0.9562333523603910 0.4004634513286958
0.9676034252250776 0.4210381187378091
0.9999999994566489 0.4209766092754980
0.6703240300903722 0.2780161207607723
0.6558353497963104 0.2579503179615218
0.6952045543077043 0.2771312479225495
0.6644202081965371 0.2349141654908342
0.6470416810357104 0.2149304002896985
0.6544045445991963 0.1918483142046303
0.6373818259099427 0.1725327481135510
0.6439028021309445 0.1509758889823488
0.6262489236950949 0.1300377348179410
0.6137734378038031 0.0865037834172726
0.6323925978125254 0.1119997745519047
0.6196691788971114 0.0741679297291735
0.5961341362386755 0.0403838179068700
0.6066120933651189 0.0440719490390316
0.5925790629492497 0.0000000000100587
0.7036486958861685 0.2667381940078258
0.7453667639667590 0.2867972498711436
0.7355752909369976 0.2678711752688041
0.7720576220254063 0.2872406967101827
0.7841686995474616 0.3074061625262948
0.8420777615881087 0.3315381940034526
0.8061747386332455 0.3083329251960540
0.8198890781666629 0.3310940398099822
0.8543596632571319 0.3154982122279013
0.8810444340173923 0.3160502071690851
0.8915879416121941 0.3381975311496802
0.9185733789398111 0.3386518623415046
0.9294246304891428 0.3592582974494199
0.9562805590622789 0.3594101001174272
0.9673847306202161 0.3798216649430437
0.9999999994566487 0.3798218331412490
0.6912059667189564 0.2293099851245546
0.6987854504486158 0.2348928232653453
0.6928494080024213 0.1959807043949439
0.6812883730725413 0.1858247087010108
0.6850598911372365 0.1571882216918019
0.6713071880689154 0.1438417374044244
0.6752891722085216 0.1188604309564755
0.6600216786318535 0.1036974718363220
0.6636728462942549 0.0802959176329830
0.6495981189001362 0.0667374195660960
0.6524810051802781 0.0417749250454157
0.6334038053436040 0.0289440262853362
0.6327109287426481 0.0000000000095395
0.7315508179826128 0.2266055798889771
0.7458398261487355 0.2456054320581989
0.7843894954909078 0.2636229650806269
0.7697493514780310 0.2432525289322700
0.8076530243337270 0.2624702843151176
0.8224216752858241 0.2843751562427460
0.8434429804836320 0.2852346130239273
0.8538803664207473 0.2746234668502142
0.8926004775535024 0.2968679600936994
0.8846336902445397 0.2784871638316528
0.9202861254413929 0.2988065152038732
0.9301630642420570 0.3177656546457798
0.9567769753785828 0.3186581514327850
0.9676374409005961 0.3384705532173906
0.9999999994659448 0.3387277733217697
0.7229035105940220 0.1897165171154124
0.7368885578632590 0.2054001834254119
0.7147540474937421 0.1501704793811440
0.7280818570754842 0.1639245484338646
0.7184575558592119 0.1244476327333205
0.7036846820723225 0.1105009989010562
0.7067268665603071 0.0849253159839407
0.6900081563586503 0.0718068159272099
0.6923737256777865 0.0442216319532076
0.6732957987307849 0.0323996000398336
0.6745328574328957 0.0000000000095395
0.7633556876690151 0.1997207646483289
0.7803557603815767 0.2198434069630740
0.8200255000215579 0.2388372591785064
0.8018259056610628 0.2165862735731744
0.8429227399363013 0.2359040319206664
0.8516184457102605 0.2431798881421402
0.8963340167647673 0.2573160674329876
0.8838494445795614 0.2371279961087515
0.9325601137651200 0.2764987268930111
0.9206237529046637 0.2568899226972697
0.9569753513673016 0.2767366779084641
0.9688183620160936 0.2968413794920390
0.9999999994659448 0.2970225030814657
0.7555626384247950 0.1584706484658092
0.7713880744082378 0.1758300037572224
0.7628205058463198 0.1315100698432376
0.7470524976760335 0.1162768005413233
0.7507231765235091 0.0900447338439556
0.7299190945658324 0.0760482074948387
0.7328882437383134 0.0465246915053380
0.7128939844578196 0.0353385543495194
0.7142080851966138 0.0000000000103456
0.7958050089419652 0.1713839939200434
0.8126190120500872 0.1937131387988783
0.8372911768547729 0.1905651700980987
0.8492171026418733 0.2032798190686537
0.8782249542481456 0.2001995458242917
0.8903607000998339 0.2186449482291438
0.9192537015092559 0.2151697420189837
0.9318914892491120 0.2349626924970180
0.9567086334894059 0.2341337232117968
0.9692096849746288 0.2547817376681697
0.9999999994728441 0.2546641155529588
0.7889063588952041 0.1264128018676008
0.8045752351592412 0.1518266874351493
0.7956113552679555 0.1132679770770929
0.7725930127383790 0.0800515412693344
0.7855664213364548 0.0851165036537778
0.7683592586298506 0.0454617817509062
0.7524212753373869 0.0381714157462021
0.7518086368454926 0.0000000000107894
0.8330156866764542 0.1477500232128928
0.8453090674771921 0.1626351773687868
0.8741454225731106 0.1596797092165773
0.8860939125662035 0.1791950799915177
0.9164507999214307 0.1765958659393403
0.9277151440525735 0.1940637938288481
0.9559646016519890 0.1922958674418121
0.9680473991602866 0.2127448198188606
0.9999999994682679 0.2123004620614237
0.8401610656009970 0.1210091224313769
0.8300956950465214 0.1086469228125241
0.8337931500622504 0.0828462203046651
0.8108017542119076 0.0689235991029344
0.8099448581933282 0.0449820477206494
0.7913900282207201 0.0347463517504298
0.7908520956900755 0.0000000000104648
0.8707530317890639 0.1181380077451294
0.8820594357907602 0.1410377144231759
0.9146840150735536 0.1385644185785568
0.9244944543223863 0.1532943947800123
0.9547550583109418 0.1518198408685978
0.9659380185386510 0.1712184420534976
0.9999999994517561 0.1705785076994807
0.8777927056092671 0.1045939026013662
0.8518962273923835 0.0731498566953841
0.8709362246232271 0.0809192458411887
0.8505084044682647 0.0429726590159789
0.8317415782890151 0.0332224661910981
0.8309579213257638 0.0000000000099598
0.9216456926441309 0.1123168588830450
0.9150755883495120 0.1029578171428902
0.9539087313456567 0.1118943085517725
0.9642891987972390 0.1301639181555812
0.9999999994298379 0.1295337920818212
0.9182762401754512 0.0774064486824364
0.8926768872970727 0.0634588585901135
0.8912695692179827 0.0427678844809031
0.8727166041666827 0.0315959028213372
0.8723499425760710 0.0000000000099598
0.9325482034609408 0.0682026880655832
0.9644914314277855 0.0873862064696139
0.9589269463655652 0.0769494553307975
0.9999999994094483 0.0905287084342238
0.9322424356918025 0.0397465811244313
0.9154204472067953 0.0288318210924945
0.9145192242878483 0.0000000000097055
0.9575896158241406 0.0293510506394361
0.9746581687513604 0.0451128805189023
0.9999999995126942 0.0438204472199378
0.9604299383070906 0.0000000000089917
0.9999999994450258 0.0000000000112130
5 989 1032 1031 987 988
5 432 437 510 509 435
6 1214 1215 1216 1195 1193 1194
5 151 153 152 150 104
5 1253 1254 1240 1239 1238
5 129 127 126 86 85
6 1053 1055 1052 1015 1014 1013
5 57 58 59 40 39
6 274 279 353 352 351 273
6 711 770 771 768 710 709
6 669 731 733 671 670 668
6 1248 1255 1262 1261 1250 1249
6 863 867 868 859 811 812
6 604 605 606 607 536 535
6 818 871 872 869 815 816
6 1023 1061 1060 1058 1021 1020
7 171 172 232 231 220 169 170
6 1111 1140 1142 1143 1109 1108
6 403 453 454 451 371 372
6 367 448 446 365 364 366
7 187 246 245 188 186 185 184
6 267 345 346 347 340 268
5 95 122 123 83 82
6 549 617 615 610 548 546
6 1121 1123 1105 1090 1089 1091
6 134 135 136 94 93 92
6 195 252 251 226 190 191
6 506 576 578 575 508 507
6 186 188 189 175 137 138
5 635 697 698 696 633
6 996 997 952 946 945 950
6 660 720 721 667 657 658
6 793 794 795 796 735 734
6 355 356 438 439 360 354
6 1001 1002 1003 956 954 953
6 1123 1136 1138 1137 1107 1105
6 938 984 985 983 936 935
6 1128 1157 1156 1155 1126 1127
6 198 257 258 253 197 196
5 216 284 285 211 212
7 902 904 905 851 848 850 849
6 231 300 301 248 221 220
5 1119 1120 1086 1085 1084
5 1247 1260 1259 1245 1246
6 670 671 672 673 606 605
6 1225 1232 1233 1215 1214 1213
5 1104 1135 1133 1102 1103
6 995 1040 1039 999 997 996
6 826 879 880 878 824 823
6 480 481 453 403 402 405
7 842 843 841 839 784 785 786
5 1164 1190 1189 1162 1163
6 168 225 224 223 162 161
6 976 1018 1019 1016 974 975
6 482 483 480 405 404 406
6 169 220 221 187 184 158
6 954 956 955 904 902 903
5 22 34 33 20 21
6 641 704 703 702 638 639
6 528 595 596 594 525 526
6 149 199 198 196 147 148
5 208 270 269 264 207
6 502 573 572 571 500 501
6 73 110 112 113 78 72
7 399 407 406 404 321 323 322
6 729 787 786 785 727 726
6 1027 1064 1065 1062 1024 1025
6 206 265 267 268 262 205
6 233 311 310 300 231 232
6 330 386 388 387 308 302
6 197 253 254 194 193 192
6 114 161 162 160 109 108
6 1162 1189 1188 1187 1160 1161
6 747 788 789 787 729 728
5 210 274 273 272 209
6 54 72 78 75 74 53
6 245 249 250 235 189 188
6 58 87 89 90 60 59
5 520 590 589 588 519
6 1063 1096 1097 1095 1060 1061
7 1193 1195 1196 1172 1171 1170 1169
5 276 355 354 280 275
6 1003 1004 1005 957 955 956
6 52 53 74 77 50 49
6 313 394 395 385 310 311
6 654 655 717 716 653 652
7 1208 1227 1228 1226 1224 1206 1207
6 545 547 549 546 476 475
6 1188 1211 1210 1209 1186 1187
6 88 117 133 132 89 87
6 695 740 741 681 678 677
5 101 142 141 100 98
7 813 857 858 855 802 800 801
6 224 304 303 234 222 223
6 309 392 391 390 306 305
6 760 816 815 814 759 758
7 1243 1256 1257 1255 1248 1241 1242
6 809 864 863 812 807 808
6 193 194 195 191 143 144
6 615 675 676 628 609 610
6 306 390 389 312 303 304
5 905 906 907 853 851
5 614 616 617 549 547
6 858 909 910 866 856 855
6 661 723 722 720 660 659
5 297 382 383 299 298
6 460 461 462 381 380 456
5 26 37 38 24 23
6 525 594 593 592 524 523
6 1245 1259 1258 1256 1243 1244
6 829 883 884 881 828 827
5 64 71 70 48 46
6 1060 1095 1094 1093 1059 1058
6 596 659 660 658 593 594
6 1154 1180 1181 1165 1153 1152
6 710 768 769 767 708 707
6 860 861 862 836 805 806
6 550 556 557 555 485 484
6 918 921 922 914 868 867
6 578 642 643 640 574 575
5 1190 1212 1211 1188 1189
6 1131 1159 1158 1157 1128 1129
4 835 889 888 834
6 301 326 327 324 247 248
6 100 141 144 143 140 99
6 847 849 850 791 792 837
5 1260 1270 1269 1258 1259
6 1055 1089 1090 1071 1051 1052
6 1141 1144 1145 1146 1114 1113
6 395 465 464 411 384 385
6 1181 1191 1192 1168 1166 1165
6 526 525 523 450 449 452
7 616 679 682 680 675 615 617
5 46 48 47 36 29
6 272 273 351 350 348 271
6 89 132 134 92 91 90
6 455 456 380 373 374 376
6 1000 1042 1044 1045 1002 1001
6 1017 1049 1050 1012 1008 1007
5 21 20 19 11 12
6 811 859 860 806 803 804
6 1038 1076 1078 1041 1039 1040
6 726 727 725 663 664 666
6 1057 1087 1088 1054 1050 1049
6 181 180 179 130 126 127
6 620 621 599 552 553 554
6 16 28 27 25 15 14
6 508 575 574 573 502 503
7 1124 1152 1153 1136 1123 1121 1122
6 341 422 423 420 339 338
6 949 950 945 895 896 897
6 431 503 502 501 425 424
5 12 11 10 4 5
6 968 971 970 964 922 921
6 1171 1172 1174 1173 1145 1144
6 287 288 289 284 216 215
6 496 567 569 566 564 497
5 103 148 147 146 102
6 1229 1246 1245 1244 1228 1227
5 121 171 170 118 119
6 1024 1062 1063 1061 1023 1022
5 1228 1244 1243 1242 1226
5 38 39 40 41 24
6 621 665 666 664 600 599
6 680 739 738 691 676 675
6 1068 1103 1102 1100 1067 1066
6 548 610 609 561 539 540
6 289 366 364 283 285 284
6 703 763 762 761 701 702
6 315 316 317 243 238 237
5 29 36 35 34 22
5 521 522 459 445 447
6 805 836 846 844 789 788
6 167 230 228 225 168 165
6 247 324 325 249 245 246
6 260 336 337 332 258 257
6 1268 1276 1275 1271 1266 1267
5 1150 1151 1120 1119 1118
6 517 519 588 586 518 516
6 1067 1100 1101 1098 1065 1064
6 1184 1207 1206 1204 1183 1182
6 934 981 980 978 931 932
6 892 893 847 837 838 840
6 1160 1187 1186 1185 1158 1159
6 1092 1122 1121 1091 1088 1087
7 1266 1271 1273 1272 1263 1261 1262
6 481 529 530 527 454 453
5 924 961 962 911 912
5 1257 1267 1266 1262 1255
6 874 925 926 923 872 871
6 865 917 918 867 863 864
6 339 420 421 416 337 336
5 380 381 382 297 373
5 15 25 26 23 13
6 936 983 982 981 934 933
5 1085 1086 1048 1047 1046
6 631 633 696 695 677 632
6 872 923 924 912 870 869
5 65 97 96 71 64
6 189 235 236 176 174 175
7 939 988 987 986 984 938 937
6 1186 1209 1208 1207 1184 1185
6 555 554 553 483 482 485
6 388 466 468 469 393 387
6 1145 1173 1175 1176 1147 1146
6 991 994 998 948 947 951
5 444 520 519 517 443
6 467 493 542 541 468 466
6 179 183 178 156 131 130
6 1015 1052 1051 1034 1009 1010
6 1075 1106 1111 1108 1074 1073
6 693 745 746 688 683 684
6 109 160 159 120 107 106
6 997 999 1000 1001 953 952
6 269 343 342 266 263 264
6 791 850 848 794 793 790
6 764 819 820 817 762 763
6 980 1022 1023 1020 979 978
6 600 664 663 662 598 597
5 1178 1179 1151 1150 1149
6 1218 1219 1220 1200 1197 1198
6 1028 1066 1067 1064 1027 1026
6 344 427 428 429 346 345
6 1107 1137 1139 1140 1111 1106
6 945 946 901 893 892 895
6 530 597 598 595 528 527
6 327 409 408 329 325 324
6 910 919 920 917 865 866
6 262 268 340 341 338 261
6 137 175 174 124 123 122
5 779 835 834 833 778
5 157 213 214 155 154
6 807 812 811 804 755 754
6 468 541 543 544 472 469
6 901 903 902 849 847 893
5 990 992 993 944 965
6 205 262 261 259 201 200
6 920 967 968 921 918 917
6 522 531 534 532 458 459
6 799 810 809 808 752 753
6 535 536 537 461 460 533
6 1224 1226 1242 1241 1232 1225
5 377 376 374 294 292
6 1220 1221 1222 1201 1199 1200
5 278 281 358 357 277
6 11 19 18 17 9 10
6 553 552 529 481 480 483
6 434 504 505 428 427 426
6 1099 1129 1128 1127 1097 1096
6 783 838 837 792 781 780
6 1156 1182 1183 1180 1154 1155
6 678 681 679 616 614 613
6 1130 1132 1161 1160 1159 1131
5 207 264 263 204 202
5 1153 1165 1166 1138 1136
7 1102 1133 1134 1132 1130 1101 1100
6 258 332 333 256 254 253
6 955 957 958 906 905 904
5 1279 1280 1274 1272 1273
6 1094 1125 1124 1122 1092 1093
6 337 416 417 334 333 332
6 1142 1170 1171 1144 1141 1143
6 698 756 757 740 695 696
7 543 611 613 614 547 545 544
6 111 139 164 163 112 110
6 1261 1263 1264 1252 1251 1250
6 831 885 886 883 829 830
6 609 628 627 626 560 561
5 449 450 448 367 370
6 254 256 255 252 195 194
7 646 649 712 711 709 647 648
6 1166 1168 1167 1139 1137 1138
6 504 511 577 576 506 505
6 250 314 315 237 236 235
6 1088 1091 1089 1055 1053 1054
5 296 375 377 292 293
7 490 551 550 484 478 479 477
7 32 49 50 51 44 31 30
6 80 119 118 117 88 79
6 303 312 313 311 233 234
6 706 765 764 763 703 704
6 717 718 777 775 715 716
7 435 509 512 511 504 434 433
7 577 580 645 644 642 578 576
6 499 568 567 496 494 495
5 285 283 282 219 211
6 1183 1204 1205 1191 1181 1180
6 1114 1146 1147 1148 1117 1115
6 800 802 798 743 744 742
7 133 158 184 185 135 134 132
5 7 14 15 13 6
6 534 602 604 535 533 532
6 349 426 427 344 342 343
6 1072 1077 1076 1038 1037 1036
6 1197 1200 1199 1175 1173 1174
5 735 796 797 737 736
6 398 401 399 322 317 316
5 582 648 647 645 580
6 45 66 67 55 42 43
6 592 591 531 522 521 524
6 1050 1054 1053 1013 1011 1012
6 478 484 485 482 406 407
6 1097 1127 1126 1125 1094 1095
6 96 111 110 73 70 71
6 391 470 471 396 389 390
6 721 730 732 731 669 667
6 512 581 582 580 577 511
7 961 972 1007 1008 966 960 962
6 494 496 497 492 419 418
5 227 229 230 167 166
6 944 993 991 951 943 942
6 708 767 766 765 706 705
6 454 527 528 526 452 451
6 625 630 629 618 562 563
5 958 959 908 907 906
6 34 35 52 49 32 33
5 102 146 145 142 101
6 419 492 493 467 415 414
6 773 827 828 825 771 770
6 310 385 384 326 301 300
6 351 352 432 435 433 350
6 1082 1084 1085 1046 1045 1044
5 77 76 69 51 50
7 969 1011 1013 1014 971 968 967
6 236 237 238 182 177 176
6 228 305 306 304 224 225
6 579 583 646 648 582 581
6 317 322 323 240 244 243
6 439 442 441 436 359 360
6 663 725 724 723 661 662
6 1021 1058 1059 1056 1019 1018
6 68 106 107 81 67 66
6 701 761 760 758 700 699
6 147 196 197 192 145 146
6 1090 1105 1107 1106 1075 1071
6 1147 1176 1177 1178 1149 1148
7 75 116 114 108 76 77 74
6 51 69 68 66 45 44
5 1272 1274 1265 1264 1263
6 738 753 752 750 692 691
6 445 459 458 457 378 379
6 822 875 876 873 820 819
6 982 1025 1024 1022 980 981
6 542 565 612 611 543 541
6 428 505 506 507 430 429
6 1112 1113 1114 1115 1080 1079
6 18 30 31 28 16 17
6 97 99 140 139 111 96
5 442 516 518 515 441
6 598 662 661 659 596 595
6 560 626 625 563 559 558
6 868 914 913 861 860 859
6 998 995 996 950 949 948
6 229 307 309 305 228 230
6 733 734 735 736 672 671
6 393 469 472 470 391 392
6 378 457 455 376 377 375
6 743 798 799 753 738 739
5 776 832 831 830 774
6 342 344 345 267 265 266
7 450 523 524 521 447 446 448
6 896 895 892 840 839 841
6 486 491 490 477 413 412
6 587 652 653 650 585 584
6 777 778 833 832 776 775
6 769 823 824 821 766 767
6 510 513 579 581 512 509
6 644 707 708 705 643 642
6 136 138 137 122 95 94
6 417 418 419 414 335 334
6 1034 1035 1033 992 990 1009
6 1210 1230 1229 1227 1208 1209
5 1135 1164 1163 1134 1133
5 1270 1277 1276 1268 1269
6 623 622 620 554 555 557
7 112 163 166 167 165 115 113
6 241 242 239 217 178 183
6 886 937 938 935 884 883
6 340 347 424 425 422 341
5 853 907 908 854 852
6 328 400 398 316 315 314
5 619 624 623 557 556
6 916 942 943 900 890 891
5 78 113 115 116 75
6 492 497 564 565 542 493
5 479 478 407 399 401
6 569 634 635 633 631 566
5 987 1031 1030 1029 986
6 280 354 360 359 353 279
6 473 540 539 489 464 465
6 1019 1056 1057 1049 1017 1016
6 31 44 45 43 27 28
6 255 331 330 302 251 252
6 222 234 233 232 172 173
6 177 182 181 127 129 128
6 1205 1213 1214 1194 1192 1191
5 1134 1163 1162 1161 1132
6 572 639 638 637 570 571
6 802 855 856 810 799 798
6 190 226 227 166 163 164
6 638 702 701 699 636 637
7 440 443 517 516 442 439 438
6 1237 1238 1239 1221 1220 1219
6 722 780 781 730 721 720
6 335 414 415 386 330 331
6 357 358 361 440 438 356
7 436 441 515 514 513 510 437
5 1196 1198 1197 1174 1172
6 1043 1081 1083 1082 1044 1042
6 514 584 585 583 579 513
6 627 689 690 630 625 626
6 1199 1201 1202 1177 1176 1175
5 795 852 854 797 796
6 333 334 335 331 255 256
6 364 365 363 295 282 283
6 9 17 16 14 7 8
7 42 55 56 57 39 38 37
6 323 321 319 242 241 240
6 927 975 974 973 926 925
5 10 9 8 3 4
6 755 804 803 748 746 745
7 371 451 452 449 370 368 369
7 833 834 888 887 885 831 832
6 887 940 939 937 886 885
6 1051 1071 1075 1073 1035 1034
6 48 70 73 72 54 47
5 123 124 125 84 83
5 131 156 157 154 105
5 209 272 271 270 208
6 263 266 265 206 203 204
6 899 898 894 843 842 845
7 715 775 776 774 772 714 713
6 564 566 631 632 612 565
5 672 736 737 674 673
6 1080 1115 1117 1116 1083 1081
6 876 928 927 925 874 873
6 159 173 172 171 121 120
5 941 989 988 939 940
6 325 329 328 314 250 249
6 929 977 976 975 927 928
6 425 501 500 498 423 422
7 803 806 805 788 747 749 748
6 404 405 402 320 319 321
6 785 784 782 724 725 727
5 889 941 940 887 888
5 214 215 216 212 155
6 1206 1224 1225 1213 1205 1204
6 350 433 434 426 349 348
6 79 88 87 58 57 56
6 685 687 665 621 620 622
6 261 338 339 336 260 259
6 423 498 499 495 421 420
5 202 204 203 153 151
5 1212 1231 1230 1210 1211
7 251 302 308 307 229 227 226
6 984 986 1029 1028 1026 985
5 125 128 129 85 84
5 1231 1247 1246 1229 1230
6 319 320 318 290 239 242
6 692 750 751 694 690 689
5 91 92 93 63 62
6 585 650 651 649 646 583
6 922 964 963 915 913 914
6 368 370 367 366 289 288
5 746 748 749 686 688
5 1014 1015 1010 970 971
6 1158 1185 1184 1182 1156 1157
6 591 601 603 602 534 531
5 185 186 138 136 135
6 741 742 744 682 679 681
6 1258 1269 1268 1267 1257 1256
5 277 357 356 355 276
6 346 429 430 431 424 347
6 877 930 929 928 876 875
6 162 223 222 173 159 160
7 570 637 636 634 569 567 568
5 1275 1278 1279 1273 1271
6 943 951 947 898 899 900
6 152 200 201 199 149 150
6 1035 1073 1074 1072 1036 1033
6 629 684 683 624 619 618
6 562 618 619 556 550 551
6 757 801 800 742 741 740
6 781 792 791 790 732 730
6 828 881 882 879 826 825
7 992 1033 1036 1037 994 991 993
6 1241 1248 1249 1234 1233 1232
5 126 130 131 105 86
6 500 571 570 568 499 498
6 389 396 397 394 313 312
5 1070 1104 1103 1068 1069
6 612 632 677 678 613 611
5 590 656 655 654 589
5 1222 1223 1203 1202 1201
6 657 667 669 668 603 601
6 410 487 486 412 408 409
6 118 170 169 158 133 117
5 374 373 297 298 294
5 1281 1282 1280 1279 1278
5 381 462 463 383 382
6 732 790 793 734 733 731
6 603 668 670 605 604 602
5 461 537 538 463 462
6 308 387 393 392 309 307
5 1264 1265 1254 1253 1252
6 784 839 840 838 783 782
6 239 290 291 286 218 217
6 728 729 726 666 665 687
7 970 1010 1009 990 965 963 964
6 218 286 287 215 214 213
6 700 758 759 756 698 697
6 574 640 641 639 572 573
6 766 821 822 819 764 765
5 1008 1012 1011 969 966
5 402 403 372 318 320
6 1109 1143 1141 1113 1112 1110
6 539 561 560 558 488 489
6 952 953 954 903 901 946
6 271 348 349 343 269 270
6 643 705 706 704 641 640
6 759 814 813 801 757 756
6 1216 1217 1218 1198 1196 1195
6 772 774 830 829 827 773
5 744 743 739 680 682
5 862 891 890 846 836
6 1045 1046 1047 1004 1003 1002
6 1167 1169 1170 1142 1140 1139
6 636 699 700 697 635 634
6 844 845 842 786 787 789
5 3 8 7 6 2
5 894 897 896 841 843
5 5 4 3 2 1
6 882 933 934 932 880 879
5 719 779 778 777 718
6 115 165 168 161 114 116
6 1126 1155 1154 1152 1124 1125
6 318 372 371 369 291 290
6 771 825 826 823 769 768
6 856 866 865 864 809 810
6 588 589 654 652 587 586
5 98 100 99 97 65
6 174 176 177 128 125 124
6 884 935 936 933 882 881
6 36 47 54 53 52 35
6 724 782 783 780 722 723
6 488 558 559 491 486 487
6 1235 1236 1237 1219 1218 1217
6 1192 1194 1193 1169 1167 1168
6 870 912 911 909 858 857
5 1005 1006 959 958 957
6 979 1020 1021 1018 976 977
6 751 754 755 745 693 694
6 911 962 960 919 910 909
6 880 932 931 930 877 878
6 599 600 597 530 529 552
6 1059 1093 1092 1087 1057 1056
6 913 915 916 891 862 861
6 676 691 692 689 627 628
4 281 362 361 358
6 238 243 244 180 181 182
5 430 507 508 503 431
6 824 878 877 875 822 821
6 1249 1250 1251 1236 1235 1234
6 464 489 488 487 410 411
5 221 248 247 246 187
6 593 658 657 601 591 592
6 1101 1130 1131 1129 1099 1098
5 606 673 674 608 607
6 653 716 715 713 651 650
6 518 586 587 584 514 515
6 960 966 969 967 920 919
6 472 544 545 475 471 470
6 408 412 413 400 328 329
6 1077 1110 1112 1079 1078 1076
5 656 719 718 717 655
5 275 280 279 274 210
6 815 869 870 857 813 814
6 749 747 728 687 685 686
6 421 495 494 418 417 416
5 1047 1048 1006 1005 1004
6 752 808 807 754 751 750
6 926 973 972 961 924 923
5 362 444 443 440 361
6 690 694 693 684 629 630
6 107 120 121 119 80 81
6 397 474 473 465 395 394
6 848 851 853 852 795 794
6 820 873 874 871 818 817
6 947 948 949 897 894 898
6 446 447 445 379 363 365
6 931 978 979 977 929 930
6 647 709 710 707 644 645
6 1065 1098 1099 1096 1063 1062
6 1078 1079 1080 1081 1043 1041
6 890 900 899 845 844 846
5 651 713 714 712 649
6 27 43 42 37 26 25
6 201 259 260 257 198 199
6 178 217 218 213 157 156
6 353 359 436 437 432 352
5 104 150 149 148 103
6 291 369 368 288 287 286
6 76 108 109 106 68 69
5 415 467 466 388 386
6 1030 1069 1068 1066 1028 1029
6 762 817 818 816 760 761
6 143 191 190 164 139 140
6 471 475 476 474 397 396
5 1239 1240 1223 1222 1221
5 1277 1281 1278 1275 1276
5 1202 1203 1179 1178 1177
6 476 546 548 540 473 474
7 458 532 533 460 456 455 457
6 67 81 80 79 56 55
5 60 90 91 62 61
6 985 1026 1027 1025 982 983
6 559 563 562 551 490 491
6 244 240 241 183 179 180
5 607 608 538 537 536
5 1032 1070 1069 1030 1031
6 714 772 773 770 711 712
6 1039 1041 1043 1042 1000 999
6 1074 1108 1109 1110 1077 1072
6 1251 1252 1253 1238 1237 1236
6 20 33 32 30 18 19
6 1233 1234 1235 1217 1216 1215
6 145 192 193 144 141 142
6 1117 1148 1149 1150 1118 1116
5 282 295 296 293 219
5 93 94 95 82 63
6 384 411 410 409 327 326
7 683 688 686 685 622 623 624
6 363 379 378 375 296 295
6 1037 1038 1040 995 998 994
6 974 1016 1017 1007 972 973
5 40 59 60 61 41
6 203 206 205 200 152 153
6 963 965 944 942 916 915
6 1083 1116 1118 1119 1084 1082
6 413 477 479 401 398 400
278 281 362 444 520 590 656 719 779 835 889 941 989 1032 1070 1104 1135 1164 1190 1212 1231 1247 1260 1270 1277 1281 1282
1 2 6 13 23 24 41 61 62 63 82 83 84 85 86 105 154 155 211 212 219 292 293 294 298 299
1 5 12 21 22 29 46 64 65 98 101 102 103 104 151 202 207 208 209 210 275 276 277 278
299 383 463 538 608 674 737 797 854 908 959 1006 1048 1086 1120 1151 1179 1203 1223 1240 1254 1265 1274 1280 1282