641 320 4
0.0000000000131820 0.0000000000163621
0.0469432027647851 0.0000000000135753
0.1026151084663666 0.0000000000135753
0.0000000000136617 0.0613152743067555
0.0531338031009962 0.0582761815254223
0.1008904857001894 0.0469729814218719
0.1558500165184222 0.0000000000148875
0.1185819380654057 0.0616211541835172
0.1553730769527749 0.0490652661123409
0.0590113671115325 0.0955878997104366
0.0301599418558382 0.1253471135086401
0.0000000000136617 0.1238596095726493
0.1155562452973465 0.0988631261251231
0.0931044533077294 0.1105096561687959
0.2104986060274905 0.0000000000150649
0.1764560881020583 0.0629795769548865
0.2101935516654579 0.0498619261098321
0.1751403220603268 0.1036187758113587
0.1454551960908719 0.1163886108288825
0.0881797846471081 0.1538330991679654
0.0549031175669491 0.1592398006031343
0.0391059077499405 0.1906306981356285
0.0000000000136724 0.1927052767481289
0.1421781000574586 0.1586917599546789
0.1041742194869912 0.1671922085033419
0.2658985992514736 0.0000000000153299
0.2334254796346985 0.0637665186263271
0.2654406951338969 0.0505052110614411
0.2325537632772955 0.1058146753616930
0.2000032178731018 0.1188923546170335
0.1590471801617991 0.1719915614077227
0.1983757223747702 0.1615866553490564
0.0991939378073094 0.2106970859099885
0.0595823268457509 0.2164029664571213
0.0476877429457883 0.2522324549798493
0.0000000000168720 0.2569693356646668
0.0000000000120541 0.3098247370202726
0.1139794782636122 0.2244725975836885
0.1564827459023901 0.2146066854269880
0.3209485962231730 0.0000000000153299
0.3773503761509765 0.0000000000149988
0.4361253375363459 0.0000000000144157
0.2903741091162513 0.0646549568050128
0.3215266169401374 0.0512283398130150
0.2893372597587871 0.1073486135390446
0.2563735102437041 0.1205569032120333
0.2550795654756814 0.1634249495907503
0.2155859406911488 0.1746161402467816
0.2138319682566978 0.2173135929040216
0.1733111854314852 0.2287400044166023
0.0000000000120541 0.3760659215474706
0.1107920096495967 0.2626745422271661
0.0680139932718713 0.2762501105218792
0.0627428916787623 0.3079793586243152
0.0462210599966320 0.3719381752931759
0.0483827400677870 0.3173528217468732
0.1324953474062860 0.2818455811057806
0.1709490083431686 0.2676629994877205
0.0000000000148993 0.4358327373216866
0.4965903750016164 0.0000000000138451
0.3451445435929011 0.0637201523902610
0.3782805571074601 0.0482684818362744
0.4040929064051267 0.0630100292076369
0.4369110953888166 0.0434605330655281
0.4670740821221143 0.0610322241502883
0.4964004665561834 0.0436414162244398
0.3479477885237587 0.1081758226090971
0.3139425960451930 0.1224095341021928
0.3125923836972164 0.1653454552833396
0.2726292493063395 0.1765207190971132
0.2709013079942468 0.2200598664319152
0.2321873790612972 0.2315391817884854
0.2298355040380319 0.2724851068044851
0.1938908888146928 0.2853750830157720
0.0337924724362494 0.4387695330152437
0.0592393426535927 0.3815822569909343
0.0616973820383615 0.4122912914303539
0.1028289523054472 0.3302897427905979
0.1292845404393507 0.3157937390613315
0.0990029942281553 0.3654689238221001
0.1610627182607828 0.3364731442101774
0.1905417062687049 0.3239216185589498
0.0548633537051825 0.4759320871373048
0.0348270279708235 0.5050067908727952
0.0000000000117895 0.5064290094293845
0.5559964325278837 0.0000000000139820
0.6144066944794655 0.0000000000142045
0.5275060213832969 0.0611670450671412
0.5556742893024430 0.0448712744496585
0.3710605527297607 0.1204511113045636
0.4068997773119029 0.0943028501231842
0.4382772389702936 0.1123362034160237
0.4668684404322905 0.0945080832184913
0.4989688512849087 0.1125972514330468
0.5267407364503538 0.0963727694368421
0.3768832015580031 0.1442685652865783
0.3344676389944784 0.1819745847406203
0.3496467592712761 0.1801378422880806
0.3187218720002001 0.2288083195737522
0.2917679086225619 0.2354163314013252
0.2847216347932376 0.2786396985519101
0.2532028632566357 0.2893286812736778
0.2490266131375142 0.3294721089509597
0.2174411487927484 0.3418700338184258
0.0878204486702009 0.4748740150279049
0.1007204817935820 0.4330867400605509
0.1178809697061666 0.4257882376030084
0.1266724873167653 0.3869927368203734
0.1556559393426745 0.3765678027854364
0.1819815153306441 0.3942802754858688
0.2140135193999026 0.3825815589483493
0.1022729553254730 0.4918565601165407
0.0871458653278097 0.5354855183127890
0.0603944535199527 0.5387922756306477
0.0429262859887204 0.5691554058595931
0.0000000000132267 0.5717938417084829
0.0000000000152793 0.6302022993187442
0.0000000000152793 0.6874869766200637
0.6720133306105026 0.0000000000143899
0.7285286488281894 0.0000000000146301
0.7836881052802005 0.0000000000148448
0.8384017890549511 0.0000000000138644
0.5867601632568312 0.0616623428370068
0.6141267564142923 0.0460895319037212
0.6451899273612586 0.0620684857885904
0.6716366116592617 0.0471439026426138
0.5584659529787432 0.1140539961704934
0.5859746885132273 0.0982510780219719
0.4378850649308071 0.1456402594721297
0.4152587124420609 0.1609394256538649
0.4721567591860492 0.1630180777045042
0.4978205157355684 0.1480689175621289
0.5295350126238887 0.1653256116603448
0.5573503147217553 0.1497314824090862
0.4135610543669421 0.1968475493539902
0.3836525707489071 0.2106106065188689
0.3485311671994699 0.2513952280977547
0.3769628259338616 0.2400331362159298
0.3415633004010752 0.2867058915644224
0.3122364688735008 0.2983845730165297
0.2758676176877750 0.3480998157813587
0.3070062287568903 0.3351113476153068
0.2385949005972252 0.3992885529218569
0.2724858340000438 0.3848696820806402
0.1529579231842907 0.4477373393044760
0.1422797005449544 0.4923754957526836
0.1776065834173950 0.4384185863041872
0.2033246594453268 0.4529775878090316
0.2375849244934554 0.4363775399557828
0.1511657680862800 0.5030590998600776
0.1118604673359520 0.5571474901357847
0.1355930791003678 0.5522463273335699
0.0989465894795512 0.5986276598446720
0.0663756587779896 0.6050610934834243
0.0532576752142593 0.6301476488651910
0.0654144906781166 0.6598097127715011
0.0435615383166809 0.6909043464036674
0.0579996290693211 0.7205805907671988
0.0337043010405742 0.7530155057674089
0.0000000000134661 0.7537081139462326
0.0000000000134661 0.8159211580732626
0.8957246724809328 0.0000000000142222
0.9493351311414582 0.0000000000142223
0.9999999992945454 0.0000000000141069
0.8952215655275251 0.0420844249212770
0.7032549391902425 0.0626553509397584
0.7281734281116112 0.0487281048068901
0.8698261504479428 0.0603829496416010
0.8137992726016434 0.0622862637257146
0.7596891098506977 0.0629308524146561
0.7839476684566967 0.0495296142069476
0.8397333653968576 0.0470286906998265
0.6178684477864222 0.1154821378864767
0.6445214325095888 0.1001249760089612
0.7021009611076514 0.1017258236683027
0.6768071581325035 0.1165397609510260
0.5885373617955993 0.1675611479179190
0.6167125124732372 0.1516040520618859
0.4410095614438066 0.2145793955865415
0.4704462272210909 0.2004290096804461
0.4986442004910103 0.2173343882550192
0.5285556037852573 0.2025040823342251
0.5561233362408221 0.2188365335239364
0.5874707720749076 0.2026008964166172
0.4382520303938370 0.2500678849543277
0.4069270095104279 0.2643060042699640
0.4020545326718895 0.2958440047020172
0.3717006557762987 0.3094766880056367
0.3360628978575392 0.3563189034868474
0.3666451890405189 0.3427554426619535
0.2997023558640879 0.4045750652235403
0.3316398207731286 0.3905149179223064
0.2964108434940662 0.4386245180506342
0.2646216213532730 0.4540441432096969
0.2064291044075008 0.4944546263336276
0.1873795382841195 0.5086191854569332
0.2378574637569045 0.5042790516121141
0.2634681866657900 0.4886166829375678
0.1646083028548273 0.5717634794055652
0.1941218316676209 0.5545269332554154
0.1255429397267055 0.6222685960480554
0.1639884683071658 0.6034692138921813
0.1050237200020614 0.6678642640794565
0.1232266069241801 0.6541460161019358
0.1074057030680535 0.7158341235481770
0.0918013004375325 0.7266691992173936
0.0940696374829695 0.7766420122991980
0.0474529726176463 0.8161926585459919
0.0599087113316462 0.7862649290669212
0.0592164318413610 0.8357968651655837
0.0383507548988221 0.8777714058910407
0.0000000000153885 0.8801254443655747
0.0000000000153885 0.9384804410938113
0.0000000000130999 0.9999999991505346
0.9354869741530322 0.0815297547717325
0.9372083713048263 0.0623659873314430
0.9495555210158644 0.0514953380268542
0.9999999991678471 0.0557352613657243
0.8740849743031587 0.0948509721492014
0.8981406315158382 0.1062724606029528
0.8435857650329580 0.1153665556270272
0.7590092070818386 0.1053215604730382
0.7366374590047632 0.1185257770637384
0.7922175147886469 0.1186611098865260
0.8162375097965029 0.1046759578628149
0.6759264779511348 0.1539777638312289
0.6488387313781195 0.1697602395149535
0.7341828355374501 0.1552096939489367
0.7087203908678373 0.1710706768936004
0.6474278272196274 0.2042859807671892
0.6164262735738203 0.2210661871606143
0.4663375733073667 0.2693807614445821
0.4970778378814711 0.2550006648220647
0.5242287085276895 0.2717293963532151
0.5561835725312994 0.2561461079776859
0.6154280295928332 0.2535610509525471
0.5817432006983524 0.2714806160814944
0.4631068199532444 0.3043109182444553
0.4319668163040966 0.3187148640933988
0.4275288826295860 0.3513749372276219
0.3964856784860554 0.3653007611912680
0.3916206042810841 0.3991627772556102
0.3601357013340162 0.4119600601330347
0.3255579111328445 0.4594133332814452
0.3547006763243123 0.4478678141508912
0.3190613256392584 0.4976693417437658
0.2947960297231303 0.5063448886383426
0.2251074804542201 0.5651826251194559
0.2439345572702697 0.5495561043076346
0.2851363466016482 0.5547293904118008
0.2290277200538379 0.6017524247076428
0.1903854966408431 0.6228885367482339
0.1637418709447698 0.6729816146788173
0.1910028970611938 0.6548482710402058
0.1435784016120285 0.7255185175932225
0.1635675533527701 0.7122089896828798
0.1128669546771232 0.7872549071605800
0.1460237027549516 0.7708842740994510
0.1162159058482808 0.8271513486071336
0.0957097625502391 0.8435928795439902
0.1011946427053785 0.8861671588250882
0.0634308130877185 0.9031063832753580
0.0590043059729427 0.9363976222447113
0.0513278546629583 0.9422645777318270
0.0492505766214573 0.9999999992022481
0.9061538419032945 0.1395339815540380
0.9612818270788704 0.1112120856260225
0.9431924873072133 0.1459269564754089
0.9999999993123947 0.1079256236373361
0.8864903073592081 0.1615404124258871
0.8510142151790420 0.1534521559938697
0.8285230181804331 0.1742570941514864
0.7740711903226469 0.1764125803670135
0.7923393514326343 0.1645036676342321
0.7084557348183733 0.2074520864698549
0.6780057501249530 0.2237521887981124
0.7693499619963591 0.2059183368634595
0.7341409773322525 0.2224541762978578
0.6759259899858768 0.2558405088701040
0.6454247788639854 0.2745191490767482
0.4922648652611347 0.3246397865100702
0.5233921212717575 0.3100277433480568
0.5837916296577159 0.3086843654486685
0.5492047131213941 0.3254561499823050
0.6445571931856049 0.3006081667288948
0.6054770819336079 0.3216737264317825
0.4886272561748773 0.3591587349654928
0.4570430957777397 0.3737593345982533
0.4528173302825961 0.4073682152650468
0.4186012916811874 0.4203255711340864
0.4135941957601948 0.4565656274367058
0.3825390736462696 0.4684148664896178
0.3455541566730517 0.5165469215476242
0.3769489596801011 0.5061691027374994
0.2924450442006981 0.5633400563470137
0.3396072186596712 0.5578597872536769
0.2527572146262645 0.6166533838359916
0.2882835969913445 0.6006032768384795
0.2226375058367301 0.6722451493194187
0.2536132458868064 0.6553036544166342
0.2229867389401857 0.7114250084817271
0.1992802224885828 0.7259168055729704
0.1739658253527064 0.7837631624449470
0.1998451544183326 0.7687524022177237
0.1530930049666363 0.8399669355550896
0.1752446157246430 0.8248236170424601
0.1546240731488705 0.8811778953832327
0.1234289473012765 0.8981517140578580
0.1257027064369845 0.9366847249955160
0.1035121142462576 0.9523329589597338
0.1034109223543251 0.9999999992055817
0.8957717336330081 0.1943183443346248
0.9383475816206245 0.1980205242716701
0.9545286660141350 0.1676730338282899
0.9999999992190445 0.1703070220368905
0.8374301188433960 0.2121445478394448
0.8811108580617153 0.2152245782107297
0.8213345227160458 0.2329126879136857
0.7977831914445341 0.2344818624671255
0.7137758576342376 0.2798962584677483
0.7361509132728913 0.2631554565969167
0.7736405309653241 0.2733345440093823
0.7116656155003920 0.3021626231630506
0.6716498152737700 0.3247375898375733
0.6707482463982466 0.3442309701789070
0.5190798108531542 0.3810259874750166
0.5502263195920774 0.3658716155638761
0.5750317231852854 0.3789071932607818
0.6111355079838383 0.3581484542495062
0.6305237787409833 0.3681825126708468
0.5147125888748973 0.4154043419597738
0.4767175946764644 0.4273243998315107
0.4718395305550598 0.4647413366434093
0.4404986642190528 0.4767115391770080
0.4013460304116733 0.5252727998625694
0.4354213074244721 0.5139867562851207
0.3551771713651758 0.5737397867972012
0.3962444978954254 0.5635795934855627
0.3506453917092363 0.6080229493978579
0.3161083994477389 0.6228033408044754
0.2810947739175197 0.6709307067664582
0.3125286698895720 0.6552817869231200
0.2546287903081353 0.7253938625366989
0.2814854058023928 0.7101072435864167
0.2328499027597760 0.7823140244373397
0.2560117280139350 0.7674016490325540
0.2108541699203459 0.8386095127311289
0.2340653090789233 0.8232534377926732
0.2118985331541404 0.8795600385338144
0.1840088147518734 0.8955892512360215
0.1847583369113947 0.9356377496483370
0.1590043302239498 0.9507463820906863
0.1595204750920582 0.9999999991889903
0.8925807326378039 0.2504072649120780
0.9369285329270259 0.2502940035983531
0.9503666035874705 0.2246149277569736
0.9999999992190445 0.2253176907114885
0.8424599249587521 0.2724724774749454
0.8802139370115871 0.2701698619848203
0.7845615694103127 0.2969589862971528
0.8269850596082181 0.2978121221552235
0.7708538869562331 0.3241748995193076
0.7388970400547001 0.3304697267354685
0.7258385918104880 0.3648409548148502
0.6956919898984394 0.3697932323030418
0.6820298686057743 0.4056107259980714
0.6400077097184652 0.4025720594128354
0.5811447233749207 0.4213843912003920
0.5754563220672843 0.4281795154920678
0.5345292826625900 0.4341123624097382
0.6261022093902180 0.4222651060521640
0.4999128601730402 0.4850398050466094
0.5258164829054186 0.4746741266355652
0.4591835678227114 0.5332478234774592
0.4941988666547955 0.5217069387775273
0.4162134131834136 0.5817998874198614
0.4542456611049616 0.5712253790993655
0.4109307806993363 0.6185366555940107
0.3779427579807730 0.6306205075648849
0.3430824078737061 0.6777653612617572
0.3719854564093723 0.6649454927260243
0.3102144511002888 0.7242912927862493
0.3381613099719668 0.7088840615604171
0.2903007772301927 0.7797436752816896
0.3121009492196471 0.7628697561845156
0.2683948405646153 0.8368116896444814
0.2945790342504420 0.8182002115483105
0.2426317811452616 0.8939556274621568
0.2716649247404664 0.8765050159845081
0.2443073394435799 0.9347685539501621
0.2151636338686737 0.9500688351095947
0.2154611307973926 0.9999999991795285
0.8961092534808009 0.3065436954393327
0.9369799869157243 0.3052496683230965
0.9503978105485189 0.2804764307383755
0.9999999991969177 0.2802179057229806
0.8823411811154549 0.3296184029018313
0.8422515114824701 0.3307192169689895
0.8278158418835406 0.3555065992067444
0.7943962074177523 0.3587298168815711
0.7306662647145320 0.4275100190045550
0.7482432435595737 0.3911414781173627
0.7777693733704125 0.3889317600531016
0.6937836180155142 0.4250904266952232
0.6388160359775351 0.4562226073282592
0.6761321484989724 0.4611424161908700
0.6159484866197115 0.4853218368999432
0.5604892506125787 0.4967238200388435
0.5864903118052905 0.4788467110262540
0.5584501052398197 0.5267662350341747
0.5174725071000184 0.5417418851160599
0.5141917739512296 0.5780126257451764
0.4743531757265729 0.5887698529998624
0.4359432986655649 0.6384660839319620
0.4697082555504498 0.6286870152562536
0.4029550413986236 0.6877591286124236
0.4283962862121611 0.6805747227654672
0.3881979212570711 0.7338280056686541
0.3758411020531480 0.7364521278068862
0.3509049746543805 0.7754247407222149
0.3595272247679742 0.7993201069562054
0.3243708474296554 0.8296910022144126
0.3348437740633816 0.8666415165601347
0.2993296417224048 0.8889876719086908
0.3054631229823994 0.9314375236685101
0.2697950863772119 0.9476648976677607
0.2722911029218875 0.9999999991053956
0.8980238873343124 0.3633699969878537
0.9375979885992677 0.3625181883196224
0.9519648931787883 0.3367304239986100
0.9999999992051184 0.3363077451187683
0.8834044079393560 0.3882167411089191
0.8475582807867356 0.3900936328855944
0.8313750928215747 0.4179002777741091
0.7988777001319565 0.4194799295328985
0.6875566755866592 0.4824495261536312
0.7292274239074897 0.4841444676384238
0.7815525764574358 0.4514427811875856
0.7452762494319934 0.4508118333604088
0.6286533534831992 0.5141862515938628
0.6738561552235262 0.5134512293861733
0.6172059632534708 0.5389367560581783
0.5785929535309051 0.5461190475454825
0.5711504573028235 0.5853449972849732
0.5317500179859311 0.5937633697534632
0.4903814825727428 0.6450081748606684
0.5273511338379756 0.6341753261979086
0.4530677076436849 0.6980027526629243
0.4872912509660673 0.6843985206545480
0.4162356304263441 0.7522379568127828
0.4517285800211524 0.7351443213787736
0.4176759463450734 0.7869001526038011
0.3833377318652557 0.8095296612749819
0.3565451555642105 0.8752899817462545
0.3916195107268379 0.8427720180616941
0.3653653615784544 0.8956974133253057
0.3265760902266344 0.9422793646940653
0.3449653213840435 0.9372118674696165
0.3218399758875516 0.9999999991053956
0.9010149846940911 0.4215966933603017
0.9379831986767665 0.4205877963273507
0.9531783137266679 0.3939036532857264
0.9999999992304370 0.3935823314921155
0.8505357448531331 0.4498140652572503
0.8852094975320566 0.4485997418456529
0.6885445457505430 0.5408162355278169
0.7982517383584378 0.4794861948675390
0.8339970198464155 0.4789598708778517
0.7435459559312090 0.5099129817674554
0.7299742548057103 0.5379993107977747
0.7824907990044826 0.5093046342094655
0.6382049184812932 0.5724509190800436
0.6773043329287095 0.5660143276474124
0.5901422420807632 0.6042852393935045
0.6277918606126969 0.5966930969306972
0.5829361124539657 0.6410070791328958
0.5477644761346553 0.6507796402378579
0.5434812968329957 0.6890039385027013
0.5134699270803332 0.7024893264613601
0.4798419141224448 0.7538236129733658
0.5110408412855819 0.7370735256061700
0.4789785597994682 0.7858363970331723
0.4495890263618100 0.8050087202225734
0.4503061276440792 0.8364210761812620
0.4237730238407433 0.8567113198014886
0.4269136289931828 0.8897512029342903
0.4063173190828601 0.9079736859602426
0.4091126175891807 0.9422751072447243
0.3804706366685396 0.9604217322357690
0.3787308398680074 0.9999999992995675
0.9031402267994391 0.4806617921751620
0.9385748072198491 0.4798914494750519
0.9546723339856773 0.4521262632726998
0.9999999992438293 0.4517607492786845
0.8515693951077178 0.5096007455103455
0.8867864344746694 0.5087508812081790
0.6967851270765058 0.5981200318803390
0.7469981236588349 0.5687933880801720
0.7340110881731107 0.5937876393088015
0.7992192436934493 0.5391297275035674
0.8355943320184470 0.5378742752970815
0.7845456663810441 0.5662306338708293
0.6844651546841870 0.6237270492276782
0.6493128627829644 0.6293802571700301
0.6387650827843110 0.6517806289899023
0.6040656322631716 0.6603020609337767
0.5740038141870653 0.7086619010368775
0.5979310041471085 0.6960187726865035
0.5425046664101608 0.7575268366684829
0.5708890532798688 0.7409505453352156
0.5130489223461664 0.8060864569433979
0.5407585528324905 0.7881777075901976
0.5120081676834158 0.8370376629639854
0.4867008573073227 0.8547847097477276
0.4863641527890786 0.8879609827711755
0.4644432836448147 0.9040732415079102
0.4651390138771566 0.9402529227300733
0.4383280260474414 0.9571132572675456
0.4392962939048284 0.9999999992995675
0.9046002846210875 0.5403168356182538
0.9390698421772857 0.5397690468187201
0.9559217414846148 0.5112397444528771
0.9999999992543818 0.5109637085476291
0.7047876874141791 0.6545569027516988
0.8878179224241929 0.5686368358707641
0.8534948953326189 0.5694958168874195
0.7366033004635656 0.6539830646573235
0.7529150288416988 0.6271234702029579
0.7867325191768966 0.6256275880294657
0.8370702515244195 0.5972975672676897
0.8027857308492825 0.5985925874297985
0.6842353899977250 0.6893302824817605
0.6348520398183778 0.7169335150881951
0.6620104160303916 0.6883558051446349
0.6369765947952580 0.7379687316008307
0.6045213258342925 0.7626374223428297
0.6050166568272747 0.7884311801981613
0.5752821883825747 0.8091389183850839
0.5483096147298234 0.8567821673954121
0.5748790301607752 0.8381682172088831
0.5234566583257012 0.9051838328231523
0.5476379605659488 0.8882807526278876
0.5230850409414977 0.9396402273173458
0.4970931880104202 0.9561116698028380
0.4971902535186686 0.9999999992586633
0.9060751401976369 0.6005589755274587
0.9394226186935393 0.6000455097024950
0.9568711631187026 0.5711393858157201
0.9999999992543818 0.5709211392204114
0.7544803291267510 0.6869081926080666
0.7018278422097105 0.7130307392584306
0.7419609103908018 0.7088393473639520
0.8887858704803625 0.6289782463564740
0.8556928076856054 0.6298741574042471
0.8054546572609631 0.6587708960031385
0.7897324129907752 0.6847076090733085
0.8388523384095583 0.6573772977401159
0.6679344626081966 0.7570886314818743
0.6927880153254574 0.7453024305753246
0.6648931684176653 0.7927951024233536
0.6375007407478622 0.8082231632986704
0.6357198043721819 0.8414305864904725
0.6102287448293362 0.8579724473055140
0.5836262658916092 0.9069678801095294
0.6088454574806218 0.8900309442099553
0.5827617686146325 0.9398983044665608
0.5562818638788843 0.9569020668715779
0.5560043569099706 0.9999999992586633
0.9076173690092570 0.6613033965966088
0.9394698832838746 0.6611575357607139
0.9577698751883194 0.6316914535731085
0.9999999992667383 0.6316000258410377
0.8085542585921952 0.7188540896095240
0.7866507459716806 0.7481640947432641
0.7311185325530669 0.7730419661854100
0.7582488970640021 0.7445206033047216
0.8580031395782134 0.6906733667206849
0.8888423960151262 0.6907338288053225
0.8382739959156551 0.7198304917095076
0.7314912877498789 0.7882578258979949
0.6966284465037660 0.8120125204796924
0.6974830737582077 0.8422332105467796
0.6714660915801719 0.8608652354403110
0.6710122551755074 0.8912228438952615
0.6447938916080682 0.9097118450377678
0.6441946012254544 0.9401119299208733
0.6166333099085626 0.9585718036080257
0.6163749006258800 0.9999999992695149
0.9077136765351050 0.7227581705063766
0.9399306569600299 0.7222221681015597
0.9581642864638944 0.6928904136717140
0.9999999992667382 0.6926810588310597
0.7566050587810855 0.8088310980180830
0.8026763190779356 0.7813160611115896
0.8417813623047519 0.7775881513676659
0.8566449328705333 0.7526956101284862
0.7937619532223474 0.7986104364107429
0.8902045647994303 0.7514596979276306
0.7333186774305284 0.8597113858210408
0.7522445664807500 0.8477425710170622
0.7074527245900163 0.9110414920020197
0.7312090183620868 0.8944855621047142
0.7063205510443847 0.9410173485338443
0.6786207792388327 0.9600802562845767
0.6781432967848963 0.9999999992802999
0.9095822000528891 0.7839730593621308
0.9395573173688520 0.7844338340325411
0.9591181573981996 0.7545327119974570
0.9999999992729577 0.7545901020210266
0.7911309772356261 0.8632010913179168
0.8143562067146574 0.8394319412098251
0.8882713947924727 0.8153087882336890
0.8388782765316044 0.8408268705074629
0.8613748398743937 0.8143898072936430
0.7948191733941277 0.8915231830001853
0.7702832131907608 0.9140100332377534
0.7713921478292212 0.9398211970117889
0.7421423129926538 0.9624831433951682
0.7423455651091689 0.9999999992915662
0.9070745159481587 0.8451027287221861
0.9389464097861824 0.8465029266378266
0.9583299660861962 0.8164736030786557
0.9999999992558244 0.8168805858298921
0.8585618826114602 0.8801792280331251
0.8331475094304326 0.9059791447718515
0.8844590767735989 0.8823954252980254
0.8378759572363556 0.9362704687880178
0.8063030504910604 0.9599995235686540
0.8078612595428172 0.9999999992206199
0.9009180188755935 0.9050981794145814
0.9422789307517752 0.9021728495988592
0.9564633782030469 0.8788299868043579
0.9999999992969720 0.8778005621691297
0.8707447552720915 0.9524582499438392
0.8910172790930003 0.9413230900061443
0.8684352151199402 0.9999999992206199
0.9582690242619299 0.9392851698914498
0.9343322922771258 0.9650665632875011
0.9999999991274245 0.9432641302589340
0.9360474070456057 0.9999999992093842
0.9999999991274245 0.9999999992093842
5 518 517 544 545 519
4 37 56 55 51
6 299 300 341 344 343 301
6 465 460 461 493 492 491
7 533 534 532 551 559 558 535
5 23 22 34 35 36
5 370 369 409 408 373
5 631 632 633 639 637
6 328 329 330 367 371 368
6 470 469 471 500 502 498
6 303 304 345 348 347 306
6 422 421 453 455 454 423
6 579 577 578 589 598 596
6 130 129 131 180 179 135
6 244 245 292 294 293 246
6 564 565 585 586 587 566
6 432 428 429 462 461 460
5 628 627 634 636 629
6 319 318 358 361 360 322
5 551 552 576 575 559
6 8 9 16 18 19 13
5 593 597 611 610 600
6 272 271 270 312 317 316
6 599 600 610 615 616 602
6 133 134 177 184 183 182
6 503 497 499 528 527 524
5 86 87 124 123 89
6 620 621 632 631 630 626
5 607 608 609 623 622
6 335 336 374 377 376 338
6 324 323 363 364 365 325
6 83 105 112 113 114 84
5 429 430 431 463 462
5 587 586 604 605 588
6 100 99 137 139 140 101
6 34 33 38 52 53 35
6 578 569 570 591 590 589
6 30 29 46 47 48 32
5 26 40 44 43 28
6 453 452 483 484 485 455
6 388 389 424 425 426 390
6 290 289 332 333 334 291
5 638 637 639 641 640
6 467 468 495 501 500 471
5 119 120 167 166 126
6 558 559 575 580 581 560
6 5 6 8 13 14 10
6 221 219 220 266 270 271
6 509 510 536 537 538 512
6 78 79 81 109 108 80
6 102 101 140 142 141 103
6 194 193 244 246 247 198
6 61 62 63 91 90 67
5 547 548 549 572 571
6 439 438 467 471 469 437
6 365 364 402 401 404 366
5 117 155 156 157 118
6 507 508 533 535 536 510
6 14 13 19 24 25 20
5 59 75 83 84 85
5 278 277 319 322 321
6 525 520 521 548 547 546
6 369 368 371 405 407 409
6 372 373 408 410 411 375
6 397 393 394 430 429 428
5 12 11 21 22 23
5 570 571 572 592 591
5 162 163 217 216 165
5 4 5 10 11 12
6 151 152 199 202 201 153
6 206 205 255 258 257 207
6 400 399 433 434 435 403
6 595 596 598 606 612 614
6 435 434 464 468 467 438
5 118 157 158 159 160
5 85 84 114 115 116
6 70 69 97 99 100 71
6 191 192 243 245 244 193
6 399 398 397 428 432 433
7 273 274 272 316 318 319 277
7 209 207 257 259 260 210 208
6 516 515 541 543 544 517
6 384 385 420 421 422 387
6 57 58 74 82 81 79
5 3 7 9 8 6
6 345 346 384 387 386 348
5 160 159 209 208 161
6 332 331 370 373 372 333
6 379 378 414 417 416 381
7 155 154 153 201 204 203 156
6 479 478 507 510 509 481
6 302 301 343 346 345 304
5 120 121 171 170 167
6 123 124 125 174 173 128
6 561 560 581 582 583 562
6 81 82 104 111 110 109
6 237 236 280 285 286 283
6 318 316 317 354 359 358
6 556 555 557 577 579 573
6 43 44 61 67 68 45
6 136 135 179 185 186 138
6 255 256 302 304 303 258
6 293 294 335 338 337 296
6 511 512 538 540 539 513
5 310 309 352 353 311
6 380 381 416 418 419 383
6 203 204 253 256 255 205
6 201 202 252 254 253 204
6 502 500 501 526 530 531
5 492 493 494 523 522
6 177 178 227 230 231 184
6 474 475 504 505 506 476
6 114 113 151 153 154 115
6 496 491 492 522 521 520
5 621 622 623 633 632
5 567 566 587 588 568
6 212 211 262 263 264 213
6 407 405 406 436 441 440
6 140 139 188 190 189 142
6 110 111 143 149 148 147
6 181 182 183 235 234 233
6 50 49 72 73 74 58
6 108 109 110 147 145 107
6 257 258 303 306 305 259
6 94 95 127 134 133 132
6 308 307 350 351 352 309
6 552 550 556 573 574 576
5 489 488 518 519 490
6 25 24 31 39 38 33
5 40 41 62 61 44
7 320 321 322 360 362 363 323
4 1 2 5 4
6 36 35 53 54 56 37
5 456 487 488 489 458
6 376 377 413 415 414 378
6 21 20 25 33 34 22
6 563 562 583 584 585 565
6 514 513 539 542 541 515
5 267 269 315 314 268
5 352 351 391 392 353
6 19 18 30 32 31 24
5 150 196 200 199 152
6 295 296 337 339 340 298
6 448 449 479 481 480 451
6 106 107 145 146 112 105
6 176 175 223 228 229 226
6 530 526 525 546 553 554
5 7 15 17 16 9
7 68 67 90 96 98 97 69
6 281 282 284 327 326 287
5 264 263 310 311 265
5 461 462 463 494 493
5 521 522 523 549 548
6 483 482 511 513 514 484
6 56 54 78 80 76 55
6 337 338 376 378 379 339
7 145 147 148 195 196 150 146
6 414 415 446 449 448 417
5 197 198 247 250 249
6 88 89 123 128 127 95
6 112 146 150 152 151 113
6 413 412 445 447 446 415
5 355 356 357 396 395
6 247 246 293 296 295 250
5 42 60 66 65 64
6 216 217 218 269 267 215
6 223 222 224 274 273 228
4 2 3 6 5
6 334 333 372 375 374 336
6 199 200 248 251 252 202
6 90 91 92 129 130 96
6 229 228 273 277 278 275
5 426 425 457 459 427
6 359 354 355 395 394 393
5 394 395 396 431 430
6 583 582 599 602 601 584
6 404 401 439 437 436 406
6 597 594 595 614 613 611
6 284 283 286 329 328 327
5 116 115 154 155 117
5 96 130 135 136 98
6 446 447 477 478 479 449
6 286 285 324 325 330 329
6 340 339 379 381 380 342
6 262 261 308 309 310 263
6 538 537 561 562 563 540
6 196 195 197 249 248 200
6 601 602 616 617 618 603
6 166 167 170 222 223 175
6 416 417 448 451 450 418
7 625 624 626 630 635 634 627
6 557 554 553 569 578 577
6 169 172 168 219 221 225
6 260 259 305 307 308 261
6 574 573 579 596 595 594
5 590 591 592 609 608
6 541 542 564 566 567 543
6 63 64 65 93 92 91
6 183 184 231 236 237 235
6 104 103 141 144 143 111
6 270 266 268 314 313 312
6 363 362 400 403 402 364
6 292 291 334 336 335 294
6 27 28 43 45 46 29
6 402 403 435 438 439 401
6 343 344 382 385 384 346
6 350 349 388 390 391 351
6 445 444 474 476 477 447
6 186 185 232 238 239 187
6 288 287 326 331 332 289
5 161 208 210 211 212
6 74 73 102 103 104 82
6 616 615 625 627 628 617
6 227 226 229 275 276 230
5 87 119 126 125 124
5 457 458 489 490 459
7 424 423 454 456 458 457 425
5 60 86 89 88 66
6 38 39 50 58 57 52
5 604 603 618 619 605
6 127 128 173 178 177 134
6 454 455 485 486 487 456
6 341 342 380 383 382 344
6 48 47 70 71 72 49
6 477 476 506 508 507 478
6 347 348 386 389 388 349
6 72 71 100 101 102 73
6 148 149 194 198 197 195
5 75 77 106 105 83
6 585 584 601 603 604 586
6 179 180 181 233 232 185
6 137 138 186 187 188 139
6 232 233 234 282 281 238
7 419 418 450 452 453 421 420
6 125 126 166 175 176 174
6 241 240 288 289 290 242
6 501 495 496 520 525 526
6 305 306 347 349 350 307
5 11 10 14 20 21
6 239 238 281 287 288 240
6 141 142 189 192 191 144
5 158 206 207 209 159
6 371 367 366 404 406 405
6 92 93 94 132 131 129
6 168 165 216 215 220 219
6 173 174 176 226 227 178
6 243 242 290 291 292 245
6 253 254 299 301 302 256
6 317 312 313 356 355 354
6 143 144 191 193 194 149
6 53 52 57 79 78 54
5 634 635 638 640 636
5 41 42 64 63 62
6 280 279 320 323 324 285
5 330 325 365 366 367
6 581 580 593 600 599 582
6 374 375 411 412 413 377
6 411 410 443 444 445 412
6 131 132 133 182 181 180
7 575 576 574 594 597 593 580
6 536 535 558 560 561 537
6 31 32 48 49 50 39
6 613 614 612 620 626 624
5 122 162 165 168 172
6 527 528 529 555 556 550
5 630 631 637 638 635
6 189 190 241 242 243 192
6 505 504 503 524 532 534
6 473 466 470 498 499 497
6 499 498 502 531 529 528
6 16 17 27 29 30 18
4 213 264 265 214
7 408 409 407 440 442 443 410
6 475 472 473 497 503 504
5 121 122 172 169 171
6 46 45 68 69 70 47
6 157 156 203 205 206 158
5 314 315 357 356 313
6 436 437 469 470 466 441
6 539 540 563 565 564 542
5 15 26 28 27 17
6 524 527 550 552 551 532
6 434 433 432 460 465 464
6 188 187 239 240 241 190
5 618 617 628 629 619
6 598 589 590 608 607 606
6 362 360 361 398 399 400
6 529 531 530 554 557 555
5 210 260 261 262 211
6 297 298 340 342 341 300
6 252 251 297 300 299 254
6 606 607 622 621 620 612
7 326 327 328 368 369 370 331
6 485 484 514 515 516 486
5 506 505 534 533 508
6 97 98 136 138 137 99
6 480 481 509 512 511 482
5 382 383 419 420 385
7 248 249 250 295 298 297 251
5 544 543 567 568 545
5 220 215 267 268 266
6 443 442 472 475 474 444
6 450 451 480 482 483 452
6 51 55 76 77 75 59
6 276 275 278 321 320 279
6 361 358 359 393 397 398
6 468 464 465 491 496 495
4 163 164 218 217
6 610 611 613 624 625 615
6 487 486 516 517 518 488
5 391 390 426 427 392
6 65 66 88 95 94 93
6 76 80 108 107 106 77
6 234 235 237 283 284 282
6 170 171 169 225 224 222
6 442 440 441 466 473 472
6 386 387 422 423 424 389
6 224 225 221 271 272 274
6 553 546 547 571 570 569
6 231 230 276 279 280 236
1 2 3 7 15 26 40 41 42 60 86 87 119 120 121 122 162 163 164
214 265 311 353 392 427 459 490 519 545 568 588 605 619 629 636 640 641
1 4 12 23 36 37 51 59 85 116 117 118 160 161 212 213 214
164 218 269 315 357 396 431 463 494 523 549 572 592 609 623 633 639 641