320 160 4
1.0000000002122464 1.0000000001787628
1.0000000001728546 0.9324347112369766
1.0000000001728546 0.8521055397660746
0.9144835062969163 1.0000000002080127
0.9196950792600977 0.9274619898951378
0.9350501406713265 0.8555058265352318
0.8392746254762889 1.0000000002052867
1.0000000001934195 0.7766316160043353
0.9155689351501223 0.8353653028596479
0.9318777992757705 0.7767193141513643
0.7604735133453731 1.0000000001835949
0.8386715623485259 0.9160539313484577
0.8679465524390014 0.8400129604823470
0.8055859737390344 0.9083842315999696
0.7575494502992900 0.9421509622681259
1.0000000001934195 0.6964299137056361
0.9131771103852724 0.7522008581107015
0.9346153484617969 0.6965320547467174
0.6730954962312399 1.0000000001835949
0.8371268899449774 0.8109542207601739
0.8617987781406596 0.7515959131503448
0.6776500194857168 0.9306577285181148
0.7130456133872446 0.9156856631443782
0.8001741689504777 0.8148475731784490
0.7243288552131718 0.8583193842299374
0.7773985198140860 0.8529875943009025
1.0000000001986589 0.6132078253626941
0.9118400114415852 0.6648723205686529
0.9345766495081975 0.6139224162945431
0.8625995343389022 0.6657098351825748
0.8387996731260930 0.7214803480198079
0.5971963878597937 1.0000000002004026
0.6393969869884371 0.9084395218812985
0.5953570461975217 0.9249863142999566
0.7862334494744336 0.7211583118677872
0.7652963000940558 0.7698916342891001
0.6452937164155760 0.8424193265873239
0.7015735047828313 0.8345311939645644
0.7156221942354591 0.7774424919054350
0.5155337360876850 1.0000000002004026
1.0000000001971794 0.5298849995509822
1.0000000001919729 0.4453088430208473
1.0000000001840978 0.3580116312487059
1.0000000001846345 0.2682069599837575
0.9098668222438526 0.5769741687844725
0.9327360986949776 0.5296493259274586
0.8607386960661972 0.5787773836673500
0.8357461249353579 0.6315471486786527
0.7924788989725557 0.6328544960735709
0.7663359547011515 0.6917455611346941
0.4280250872425532 1.0000000001835061
0.5646218697431864 0.9083503654177492
0.5131680321529721 0.9397332650756228
0.5562735345268494 0.8672250766579663
0.6169007579242867 0.8185189242687181
0.6050155617699406 0.8186843771421064
0.6842031040369599 0.7452205850132168
0.7096095327402263 0.6857478161456741
0.6507158913607480 0.7486473656943358
0.4718738613158660 0.9145619531648304
0.4281742902991478 0.9402813012310358
0.3419859433723828 1.0000000001859037
0.9104929430307188 0.4921082092681888
0.9349149127796751 0.4445226489427113
0.9107158883555261 0.4046523246773062
0.9412370278601397 0.3569791130119483
0.9139050209423318 0.3128964895928627
0.9405639339082360 0.2682782766534771
0.9143919825025824 0.2265125245414338
0.9399065533908484 0.1790831233617753
1.0000000001846345 0.1790599948160130
1.0000000001848073 0.0886550520773022
1.0000000001933906 -0.0000000000074276
0.8311777219228932 0.5389431344768476
0.8554535023928445 0.4906681496055921
0.7873453973966938 0.5423813852745977
0.7622309255100960 0.5989950087353225
0.6960663539917468 0.6633476270558366
0.7262600880099715 0.6014160796128359
0.3859623333166692 0.9145829032101376
0.3421701657462452 0.9395926426529521
0.4719548918297607 0.8675444011031147
0.5089533414896994 0.8440934586411075
0.5557317267810421 0.7727731985492475
0.5098212695455367 0.7943350486875765
0.6112023121711766 0.7144112884840034
0.5632189268679614 0.7343690038099856
0.6178204053018854 0.6673426479479465
0.6437190701983454 0.6504935099964400
0.4273834789769950 0.8432348059876268
0.3863852725772126 0.8667551805256505
0.3008620667196673 0.9142465180099721
0.2565197575495792 0.9386188608784124
0.2560936676487980 1.0000000001859035
0.1716791792157333 1.0000000001888902
0.8319507364962087 0.4497623343796356
0.8708729306573877 0.4015872907739659
0.8027029842764459 0.4445052748426780
0.8680068833949882 0.3135208934932270
0.8425321418083399 0.3530219231144998
0.8649825874418933 0.2269901710300883
0.8410784700172886 0.2656469140938790
0.8399651186620549 0.1791809673948555
0.8629926842159161 0.1441976962193168
0.9153558691476955 0.1428826379826940
0.9374997360987831 0.0898404336640049
0.9173407213142567 0.0644370611671527
0.9265062781760018 -0.0000000000054977
0.7512781283149563 0.5020300629650121
0.7541456807737595 0.4817960641245636
0.6975569875340664 0.5282672369587903
0.6903678727755546 0.5667675859292437
0.6417667940803562 0.5850075752121445
0.6129752632060897 0.5689593073122147
0.3014871799648886 0.8661458549529768
0.3442910717990567 0.8419677977464531
0.5223230191521044 0.6984147368332330
0.4727086859662959 0.7696590458732532
0.4277718069337641 0.7911684110679876
0.4754825712681828 0.7209223847823211
0.5623159435246700 0.6380711935044640
0.5282159317674261 0.6578541493405721
0.5681295470557991 0.5873882762378646
0.3444403263849076 0.7922669801003405
0.3921827646901843 0.7695819276251885
0.2582751336554248 0.8401110093388381
0.2177078750553101 0.8644020872677919
0.2164307980095705 0.9137210726045949
0.1699913097919079 0.9373438431421728
0.1392539772187349 0.9184541004194777
0.0855643023445246 0.9405332598191289
0.0803608654666263 1.0000000001772920
-0.0000000000066538 1.0000000002160447
0.7961550194854325 0.3548185945768663
0.7752580606797429 0.3865346261573803
0.7068386234227672 0.4328013853538127
0.7254010671739781 0.3915000544922514
0.7921532824048533 0.2672015070636917
0.7697654539936586 0.3052131609787385
0.7669554343748661 0.2229286160364345
0.7901089942230055 0.1792148015957942
0.7687668711915201 0.1447955436370216
0.8362289130127064 0.0849076503354836
0.7911278030815775 0.0918692590335082
0.8452975535941764 0.0718422472989104
0.8361006659778072 -0.0000000000071952
0.6526162464204426 0.4876228049320231
0.6672170210901849 0.4443237975378447
0.6113584079309741 0.5033720350343864
0.5875410310885635 0.4915731051993908
0.5293716111468596 0.5592200065111410
0.5330056685063234 0.5172245348892803
0.3100460474368395 0.7694287411987788
0.2588907805793835 0.7933354723780500
0.4779827065777731 0.6238318271383585
0.4409401842649054 0.6440692899383960
0.3913003332629866 0.7134503058574745
0.4354933320284615 0.6931697615836090
0.4842698149846569 0.5805524331292737
0.3093988031113473 0.7176436895324447
0.3604722330137178 0.6961678131916554
0.2259118040418771 0.7688471552908649
0.1678959673569770 0.8366747534400115
0.1693367023192142 0.7932979635853873
0.1345701131664624 0.8605274342472070
0.0828562970928555 0.8452761672943448
0.0515612704439987 0.9089528331834743
-0.0000000000058603 0.9115321115825349
0.7190443951510566 0.3078280777940860
0.6965200494111236 0.3490870663548730
0.6273780567758438 0.4022448830641728
0.6530956877856415 0.3525751077985549
0.7139711221801425 0.2245821677323806
0.6918865143590276 0.2611674484895083
0.6891984745710852 0.1732207806752764
0.7118056670264366 0.1424016533052407
0.6944355001193674 0.0846993953383428
0.7567294015419419 0.0592177729384663
0.7611010787073019 -0.0000000000071952
0.5888691820460183 0.4076590852405336
0.5720711013783183 0.4316551592942331
0.5116106774063699 0.4352290721446151
0.4968791533055222 0.4855480115244175
0.4549074517057698 0.4967529348793776
0.4424262973130401 0.5469298392375973
0.2260923049106473 0.7190417492112465
0.2794571028069342 0.6969035241629038
0.4016730470453168 0.5613907793344336
0.3552792740349753 0.6302198703091704
0.3905911807974030 0.6132343613597442
0.3299280016420598 0.6207110456156231
0.2785254423021972 0.6492956456511301
0.1973287984570077 0.6978440007802037
0.1388427989343186 0.7660820157990818
0.1493246875216873 0.7103987765070928
0.0886799855100674 0.7765282492244537
0.0696100466954418 0.8217105550610855
-0.0000000000065205 0.8184556305263939
0.6443987463638078 0.2639032067385725
0.6205636341580147 0.3101668355697825
0.5775155273628129 0.3148380935237780
0.5560625196391453 0.3508048837561433
0.6395737679513060 0.1732795217684533
0.6163454682670371 0.2235774743317647
0.6183350238765948 0.1437196948477590
0.6330747279317733 0.0899742471095597
0.6770877115161748 0.0752463040115203
0.6735487633581171 -0.0000000000067505
0.5080783816324475 0.3565609077825406
0.4891908045094720 0.4054267991367174
0.4382720064134555 0.4094934357892808
0.4202325210278366 0.4647932284484647
0.3605753260765368 0.5275259307171564
0.3789662971029829 0.4725797039696896
0.2033034710065754 0.6360808416062753
0.2393236174823728 0.6230170603238990
0.3182399006658707 0.5383004061307655
0.3073285525442385 0.5580128727430961
0.2502864498173901 0.5713863343886308
0.1693024633014862 0.6164349715240365
0.1186120473957609 0.6832328146885902
0.1316520251362528 0.6304001202253108
0.0780312886042705 0.6911610962633039
0.0552734561330866 0.7312005977837291
-0.0000000000065205 0.7357957200473075
0.5441328814835021 0.2637275196470395
0.5653860984594974 0.2271964775340815
0.5004909817114869 0.2693806293586247
0.4792606775054655 0.3207145606226436
0.5370798944812081 0.1741046173012533
0.5554159792038100 0.1457267914084277
0.5374992932003393 0.0884365207722803
0.5926789309810794 0.0596160725163528
0.5940700118811598 -0.0000000000067505
0.4314051136016756 0.3252851271931606
0.4125348825841194 0.3799611334407227
0.3637758595736508 0.3845283310095059
0.3449881543779951 0.4391891510302200
0.3003379954391637 0.4467790726403749
0.2833625126603456 0.4832779849831559
0.2160732112055788 0.5374106414948254
0.1714331052225694 0.5513993669534134
0.2296051197739362 0.4939235967695226
0.1464583894061853 0.5372371896906385
0.0849815869543754 0.5959926714161817
0.0845387349754075 0.5733713362356985
0.0383207810289000 0.6373460012313485
-0.0000000000052623 0.6355461791930584
0.4862570822091723 0.1786031945839008
0.4670596425905433 0.2326135292583263
0.4229414263311170 0.2405797076425725
0.4046516091782105 0.2948382734105757
0.4613233095042779 0.1500348545941144
0.4723280639105696 0.0939017536619258
0.5139450419283468 0.0775502056618424
0.5095445548618441 -0.0000000000071534
0.3552569004648144 0.2994394939177636
0.3371782637116451 0.3543834407027699
0.2895540812331336 0.3591313795785500
0.2678338648923966 0.4028926300571348
0.1996731029843710 0.4548527203642705
0.2243912881374701 0.4071493426285025
0.1564991417302335 0.4569912001672599
0.1325937697247838 0.4892322753108293
0.0509470376735025 0.5390673116647423
0.0785184560536843 0.4836788851997136
-0.0000000000060580 0.5407088122888442
0.3314475084770859 0.2725238377130511
0.3862989992519322 0.2046905242766799
0.3972592062190621 0.1585741366970015
0.3450514105074927 0.2193052652465642
0.3804163912483487 0.1355599348991231
0.4296217561088084 0.0656950074358714
0.3910879045434282 0.0824031803834665
0.4356672799123767 -0.0000000000058877
0.2589638251749061 0.3155817831585829
0.2798852061376670 0.2773562357161996
0.2186276186346546 0.3193490419891928
0.1918521414563437 0.3632273783203969
0.1277753340558361 0.4031780723179194
0.1540555394697821 0.3654186216419438
0.0839690179956009 0.4043230757617580
0.0568171373265588 0.4486034256168165
-0.0000000000055510 0.4470720523341429
0.2980235600702589 0.1849754322798172
0.2530317433565846 0.2297128688859605
0.2952729785815711 0.1564886905696528
0.3116820477162043 0.1356623884724861
0.3040148630441307 0.0807724819204985
0.3460815136756948 0.0512027775496790
0.3465339714067370 -0.0000000000058877
0.2238579838734005 0.2251175768035392
0.1823092837067495 0.2687431360030680
0.1592985636077299 0.2677299632332479
0.1220825784609793 0.3151064502761139
0.0861983807110975 0.3140018470034661
0.0554289231971054 0.3584555259667878
-0.0000000000059539 0.3580061093262543
0.2278066078833118 0.1375065541812107
0.1973471635941897 0.1721313129685352
0.2205568340616632 0.0912442065039472
0.2603977503599662 0.0613992990955686
0.2559031912924448 -0.0000000000057550
0.1577136319749242 0.1695098490109412
0.1270011998105403 0.2245060492734276
0.0856009535507964 0.2245738617024594
0.0577959218141114 0.2686002585101631
-0.0000000000060916 0.2685414255677224
0.1344700469851388 0.1391839434742518
0.1723930385512467 0.0711462507411292
0.1503134550109443 0.0832347119479923
0.1768373300923817 -0.0000000000059372
0.0570818422249083 0.1782661602240703
0.0799446984644126 0.1422015873073308
-0.0000000000056709 0.1798568177532682
0.0882422337601221 0.0547529123963479
0.0548889971273563 0.0890393108883336
0.0846457187837020 -0.0000000000059372
-0.0000000000056709 0.0846133978190314
-0.0000000000069185 -0.0000000000069469
6 192 191 189 161 160 187
7 196 194 164 163 165 166 197
5 286 285 271 268 277
6 160 161 157 125 124 153
6 259 258 237 238 239 260
5 308 307 296 297 298
6 267 265 246 245 247 248
6 188 185 159 155 156 190
4 5 2 1 4
5 232 233 206 205 231
6 214 212 184 185 188 213
6 228 226 201 202 209 229
6 154 153 124 116 115 126
6 172 170 137 136 148 171
6 119 118 85 83 82 90
7 311 310 301 299 300 304 309
6 87 86 59 55 56 84
6 35 31 21 20 24 36
5 198 197 166 167 168
6 82 83 54 52 53 60
6 184 183 152 151 159 185
5 29 27 16 18 28
6 135 134 100 97 96 98
5 320 318 316 317 319
6 79 77 49 50 58 78
5 15 14 12 7 11
6 282 280 263 264 266 283
5 70 71 44 68 69
6 230 231 205 203 204 227
6 21 17 10 9 13 20
6 278 276 259 260 262 279
5 208 179 178 177 207
6 75 63 46 45 47 74
5 108 73 72 106 107
6 243 240 217 218 219 241
6 58 50 35 36 39 57
6 211 210 182 183 184 212
6 148 136 110 109 111 147
6 47 45 29 28 30 48
6 199 174 169 170 172 200
5 248 247 223 224 225
6 274 273 254 253 270 272
6 257 252 235 236 237 258
6 270 253 249 250 251 269
5 168 167 131 132 133
7 264 263 261 243 241 242 244
6 293 292 286 277 276 278
6 195 193 186 162 164 194
6 102 101 69 68 67 99
6 174 173 140 138 139 169
6 226 227 204 199 200 201
5 129 128 93 94 95
5 319 317 314 313 315
6 295 294 293 278 279 281
6 140 141 103 101 102 138
6 203 175 173 174 199 204
5 219 218 191 192 216
6 246 244 242 220 222 245
6 189 190 156 158 157 161
6 26 24 20 13 12 14
5 182 181 150 152 183
6 280 281 279 262 261 263
5 113 112 79 78 89
6 144 143 104 103 141 142
6 156 155 122 117 120 158
6 262 260 239 240 243 261
5 10 8 3 6 9
6 91 90 82 60 61 80
5 312 303 302 301 310
6 149 147 111 112 113 114
5 53 52 34 32 40
6 30 28 18 17 21 31
6 301 302 289 288 287 299
6 164 162 154 126 127 163
5 318 312 310 311 316
5 46 41 27 29 45
5 61 60 53 40 51
5 137 135 98 110 136
5 22 23 15 11 19
5 275 256 255 254 273
4 146 108 107 145
6 76 74 47 48 49 77
6 123 114 113 89 88 121
5 85 84 56 54 83
6 222 220 215 193 195 221
5 298 297 282 283 284
5 317 316 311 309 314
6 240 239 238 214 213 217
5 18 16 8 10 17
5 131 130 129 95 132
6 159 151 123 121 122 155
6 209 202 180 181 182 210
6 122 121 88 86 87 117
5 25 26 14 15 23
6 165 163 127 128 129 130
5 34 33 22 19 32
6 152 150 149 114 123 151
5 284 283 266 265 267
6 249 230 227 226 228 250
5 66 43 42 64 65
7 54 56 55 37 33 34 52
6 277 268 257 258 259 276
6 143 145 107 106 105 104
5 81 80 61 51 62
6 37 38 25 23 22 33
6 297 296 295 281 280 282
7 88 89 78 58 57 59 86
6 242 241 219 216 215 220
6 157 158 120 118 119 125
6 179 146 145 143 144 178
6 49 48 30 31 35 50
7 181 180 171 148 147 149 150
6 120 117 87 84 85 118
4 6 3 2 5
6 103 104 105 70 69 101
6 307 306 305 294 295 296
5 225 224 196 197 198
5 93 92 81 62 94
6 124 125 119 90 91 116
5 234 208 207 206 233
5 64 42 41 46 63
6 251 250 228 229 235 252
6 186 187 160 153 154 162
6 175 176 142 141 140 173
5 166 165 130 131 167
5 177 178 144 142 176
7 287 288 272 270 269 271 285
6 127 126 115 92 93 128
6 170 169 139 134 135 137
6 139 138 102 99 100 134
5 291 275 273 274 290
6 100 99 67 66 65 97
6 223 221 195 194 196 224
5 289 290 274 272 288
5 106 72 71 70 105
7 218 217 213 188 190 189 191
6 59 57 39 38 37 55
6 271 269 251 252 257 268
5 256 234 233 232 255
6 215 216 192 187 186 193
5 266 264 244 246 265
6 97 65 64 63 75 96
6 115 116 91 80 81 92
6 300 299 287 285 286 292
5 68 44 43 66 67
6 313 314 309 304 305 306
6 39 36 24 26 25 38
5 315 313 306 307 308
6 111 109 76 77 79 112
4 12 5 4 7
6 237 236 211 212 214 238
6 202 201 200 172 171 180
7 254 255 232 231 230 249 253
5 13 9 6 5 12
5 247 245 222 221 223
7 206 207 177 176 175 203 205
7 110 98 96 75 74 76 109
5 303 291 290 289 302
6 235 229 209 210 211 236
6 304 300 292 293 294 305
73 108 146 179 208 234 256 275 291 303 312 318 320
1 4 7 11 19 32 40 51 62 94 95 132 133
133 168 198 225 248 267 284 298 308 315 319 320
1 2 3 8 16 27 41 42 43 44 71 72 73