42 20 4
0.9999999967439356 0.9999999969329439
0.9999999969057168 0.7823697166792304
0.7820912233376426 0.7768074582212781
0.7597712351387187 0.9999999962930514
0.5511840958692524 0.9999999973855150
0.7438089126667320 0.7327312037668370
0.8350839985792960 0.5376672693157950
0.9999999969057168 0.5435321643167881
0.9999999971624967 0.2779736652582333
0.9999999973204602 0.0000000000735820
0.6482736047788102 0.7191754680409361
0.5232041865316450 0.8192849418968863
0.4139433186341372 0.7742700179517185
0.2659348303859199 0.8860508476037905
0.2597181258535374 0.9999999969412997
0.0000000000638165 0.9999999969412998
0.5622945468117624 0.5478174668355216
0.6509022192484420 0.4457645488596114
0.7607388893036791 0.4482187134619554
0.8470282943132331 0.2748366184545314
0.7861237712671703 0.2057322869795779
0.8329117327006199 0.0000000000498768
0.4484156114091385 0.5441135577165251
0.3736189728024970 0.6401570818742963
0.2258941027511873 0.6253143633895238
0.1497449207284680 0.7591588075405731
0.0000000000501694 0.7742650065241932
0.3800215635861299 0.4113827288455936
0.5634066310623063 0.2774158575156582
0.4598055488075724 0.2787887622238192
0.6282956328116041 0.2046721581292519
0.5811600252533597 0.0000000000498768
0.2361467835033727 0.4067542711211559
0.1649268263839729 0.5109857519997186
0.0000000000501694 0.5059382810076187
0.3892812426464743 0.1902953635254648
0.1737956804238761 0.2557157487662854
0.2199434709479740 0.1964024914487456
0.4363202120852174 0.0000000000738761
0.0000000000542243 0.2576240191339918
0.0000000000527609 0.0000000000683758
0.1821340342215720 0.0000000000474852
5 40 37 33 34 35
6 12 11 6 3 4 5
5 20 9 8 7 19
4 42 39 36 38
6 17 18 19 7 6 11
6 39 32 31 29 30 36
4 3 2 1 4
5 14 13 12 5 15
6 37 38 36 30 28 33
6 29 31 21 20 19 18
5 41 42 38 37 40
5 35 34 25 26 27
6 28 30 29 18 17 23
5 22 10 9 20 21
5 27 26 14 15 16
6 34 33 28 23 24 25
5 25 24 13 14 26
4 32 22 21 31
5 7 8 2 3 6
6 24 23 17 11 12 13
10 22 32 39 41 42
1 4 5 15 16
16 27 35 40 41
1 2 8 9 10