162 80 4
0.9999999982983760 0.9999999983526633
0.8759299710297427 0.9999999985707353
0.8715868056126715 0.9244860665952123
0.9201775102337065 0.8743009206824476
0.9999999982983760 0.8811724393600656
0.7426865046357345 0.9999999985707353
0.6241958175481179 0.9999999983942660
0.7478547919099827 0.9000947866133767
0.7843199065464909 0.8808143484817702
0.8066468025807353 0.8033077240837692
0.8850210789569986 0.7980691346562209
0.9162658683792030 0.7484114272310101
0.9999999985264857 0.7463232179785628
0.4932822169387542 0.9999999985629766
0.3673485422292282 0.9999999986278016
0.6835151449843754 0.8705714566991382
0.6202371446277736 0.9157391943590404
0.5538713119696266 0.8791877051104350
0.4935435646494080 0.9225870913224601
0.7704003999656446 0.7558992268974465
0.7263503443080647 0.7520491960870631
0.6722509689466614 0.8038147947711256
0.8206970921041272 0.6797347558674293
0.8773774903428873 0.6817260736943629
0.9192627714445490 0.6198153446662636
0.9999999985536482 0.6204217881945228
0.9999999985613982 0.4924841528350686
0.9999999986339034 0.3665713484940520
0.0000000000307228 0.9999999985815515
0.4243970227537210 0.8792238080195022
0.3654943803950597 0.9151198979716438
0.3124445557430225 0.8852498601590971
0.2404053561517380 0.9249664712872137
0.2345794458627773 0.9999999983421015
0.1200207640747411 0.9999999983421015
0.5503503996553231 0.8192661978250264
0.5987980427674451 0.7775483187811916
0.4770300328228618 0.7866393059692051
0.4290367403480058 0.8174778139500781
0.5908237174098471 0.7157940250689948
0.7767480404064243 0.6150840298011905
0.6832594977156699 0.6720922069508102
0.7344899681678813 0.6140679052024964
0.6360661638984858 0.6687511879033092
0.8241980945688177 0.5525281626151438
0.8784437251330720 0.5530317258338703
0.9201169777577266 0.4923124062569642
0.8802779899853409 0.4264231707277938
0.9182901036609228 0.3649110166090505
0.8859739765135256 0.3117556294619175
0.9221256216675664 0.2402263765055737
0.9999999983217296 0.2335442515160637
0.9999999983217296 0.1205241053770806
0.9999999985863801 0.0000000000307113
0.1124953269597354 0.8975005681514822
0.0000000000307228 0.8997295709234432
0.3480941823399710 0.7688649155696962
0.3482109948955964 0.7433627875378916
0.3033970421022454 0.8108185569938018
0.2249213759724590 0.7944633134694946
0.1277279995903341 0.8784922264777717
0.1832631751470880 0.8719207989032313
0.4791696631206496 0.6995290874979929
0.5037164015851950 0.6852716651774756
0.4204773994843390 0.6803729814440613
0.5248213664844374 0.6003736596530816
0.5980865103571001 0.5927304738712789
0.6870504599633583 0.5408149398307193
0.7243421186783428 0.4822868062387201
0.7798627302783333 0.4793960227046036
0.6266477007863381 0.5458423005508686
0.8167028557038515 0.4278587179172028
0.7769025949680241 0.3488957211867289
0.8103839333055577 0.3070701974578641
0.7885513973295183 0.2283764480962311
0.8715639116987201 0.1854018933259973
0.8773137790344065 0.1289649452822093
0.8982337382231876 0.1122789783081374
0.8994630348531513 0.0000000000307113
0.0922489239932880 0.7901517552175532
0.0000000000285008 0.7919409136786063
0.3945838439824674 0.6160995775902159
0.2861849099209133 0.6806829422896266
0.3188632162954880 0.6130463007406824
0.2016608940862294 0.7483207566280241
0.2327405808893570 0.6898584144258813
0.1230783338479646 0.7459278684323101
0.4881704874220390 0.5598828909673563
0.4292271851732431 0.5624254360423968
0.5234489045384199 0.4789364452172089
0.5836409389766540 0.4752329569141264
0.7162888706676906 0.3505535069636889
0.6173966034954474 0.4225453101749734
0.6798865245218033 0.4177178331446605
0.6792466440162822 0.3010058054671141
0.7492068654504772 0.2088613410413074
0.6975032263673970 0.2318573498257982
0.7478903980476288 0.1223646005969244
0.7904389028499922 0.0939985397046802
0.7931491170462764 0.0000000000301213
0.0927182727849375 0.6765746192401026
0.0000000000281962 0.6770401510726194
0.3892599083843357 0.5002349839717011
0.2878288729618155 0.5607268449336152
0.3178056425659706 0.5047434855877371
0.2195631919955979 0.5622271707522183
0.1840324380114124 0.6223588523017540
0.1241502027223739 0.6269801653235930
0.4818653685694756 0.4316489436128508
0.4198617985512373 0.4362327124721512
0.5699269378689370 0.3406968466473361
0.5148877352505031 0.3521555763976335
0.5876437921503108 0.3126649608973177
0.5663456420123255 0.2297473344141014
0.6273127434728035 0.1858488451170717
0.6276375617989762 0.1273747782026813
0.6787032045175503 0.0936998735531462
0.6772464569792699 0.0000000000293572
0.0836363214066755 0.5580383868378167
0.0000000000281962 0.5597728089042849
0.3829233498658434 0.3881999632491603
0.2813128466414721 0.4393793803595030
0.3081843222776118 0.3947498076491010
0.2162027406637939 0.4431677864753050
0.1806910671585791 0.4981104753012998
0.1204836541204492 0.4994578399623396
0.4530996469957852 0.3009508401833302
0.4055138094705139 0.3190305766598279
0.5058430838819993 0.2082975102217220
0.4707756352763511 0.2287143249143680
0.5078740206688753 0.1218002799474731
0.5614513526957142 0.0918449816059829
0.5634583242376067 0.0000000000280118
0.0811538557768366 0.4375866597679224
0.0000000000279884 0.4361848805615253
0.3342457165115953 0.2684667956407069
0.2759733515466835 0.3229930674840940
0.2254287404208867 0.3137010085082058
0.1738161312409625 0.3703379715443784
0.1252171441093259 0.3674986388331588
0.3849378309664429 0.1843627990003295
0.3328499899517479 0.2295342993030267
0.3849553215306809 0.1267939595993762
0.4447946575609001 0.0894636389574613
0.4437526452370517 0.0000000000280118
0.0904404449596713 0.3187297941139960
0.0000000000293322 0.3167391662377712
0.1967706676999630 0.2440957017773872
0.2544294555580363 0.1866056994212602
0.1278214286269226 0.2293069594074225
0.2479242765924448 0.1320834699456307
0.3268517639039542 0.0904967340706178
0.3245228830784633 0.0000000000287402
0.1160961709696864 0.2116598209220847
0.0000000000293322 0.2039913627924482
0.1294117230730840 0.1259335615182988
0.2133020769775643 0.1075500089613459
0.2121539501409808 0.0000000000309477
0.1023230555922947 0.0991433947603494
0.0000000000329509 0.1096302277424166
0.1089513698131258 0.0000000000271940
0.0000000000273301 0.0000000000271940
6 116 117 98 96 97 115
6 143 144 131 129 130 141
5 19 18 17 7 14
7 97 96 75 74 73 92 95
5 158 153 152 151 157
6 90 91 71 67 66 88
6 94 92 73 72 70 69
6 98 99 77 76 75 96
6 101 108 107 86 85 87
6 23 24 12 11 10 20
6 73 74 50 49 48 72
6 59 57 39 30 31 32
5 46 47 27 26 25
6 39 38 36 18 19 30
6 125 124 122 105 104 106
5 84 82 65 58 83
5 135 134 126 119 120
7 86 83 58 57 59 60 85
5 10 11 4 3 9
6 139 138 137 123 122 124
5 17 16 8 6 7
5 133 118 117 116 132
5 137 136 128 121 123
6 105 103 89 82 84 104
5 155 154 150 146 147
5 100 79 78 77 99
6 58 65 63 38 39 57
6 42 43 41 23 20 21
5 102 101 87 80 81
6 41 45 46 25 24 23
6 119 126 125 106 107 108
5 8 9 3 2 6
5 48 49 28 27 47
6 70 72 48 47 46 45
7 22 21 20 10 9 8 16
5 60 59 32 33 62
5 33 32 31 15 34
5 31 30 19 14 15
6 40 44 42 21 22 37
6 151 152 143 141 142 149
5 66 67 44 40 64
6 150 148 138 139 140 146
5 161 158 157 156 159
6 111 113 95 92 94 93
5 75 76 51 50 74
4 162 161 159 160
6 80 87 85 60 62 61
6 128 127 112 109 110 121
6 91 93 94 69 68 71
5 120 119 108 101 102
6 131 132 116 115 114 129
6 142 141 130 127 128 136
5 160 159 156 154 155
6 140 139 124 125 126 134
6 110 109 90 88 89 103
6 55 61 62 33 34 35
5 114 115 97 95 113
5 153 145 144 143 152
6 67 71 68 43 42 44
6 122 123 121 110 103 105
6 148 149 142 136 137 138
4 79 54 53 78
6 106 104 84 83 86 107
5 145 133 132 131 144
5 51 52 28 49 50
6 63 64 40 37 36 38
4 56 55 35 29
5 24 25 26 13 12
5 147 146 140 134 135
6 68 69 70 45 41 43
6 36 37 22 16 17 18
7 156 157 151 149 148 150 154
5 11 12 13 5 4
5 3 4 5 1 2
7 130 129 114 113 111 112 127
5 81 80 61 55 56
5 118 100 99 98 117
6 112 111 93 91 90 109
6 77 78 53 52 51 76
7 82 89 88 66 64 63 65
54 79 100 118 133 145 153 158 161 162
1 2 6 7 14 15 29 34 35
29 56 81 102 120 135 147 155 160 162
1 5 13 26 27 28 52 53 54