20 10 4
0.0000000000885886 0.0000000000643597
1.0000000008289063 0.0000000000890913
0.6738741530446558 0.0000000000890913
0.3540214598534500 0.0000000000643597
0.3253102818756238 0.2412254693074250
0.0000000000885886 0.2548759127719967
1.0000000008033521 0.3349925115303448
0.6858267080286544 0.3397424874525244
0.3840524036661220 0.3325016389919614
1.0000000008033521 0.6727288701255445
1.0000000008226118 1.0000000008237162
0.3255248752364359 0.4986313529817333
0.0000000000957477 0.5025694592874979
0.6756796378992079 0.6689668405103031
0.3896921515747087 0.6584027294991106
0.3267169997555099 0.7601533158709023
0.6702856308389994 1.0000000008237162
0.0000000000957478 0.7448605918200086
0.0000000000895768 1.0000000006113199
0.3603359716915485 1.0000000006113199
5 12 9 8 14 15
5 6 5 9 12 13
5 16 15 14 17 20
5 13 12 15 16 18
5 4 3 8 9 5
4 3 2 7 8
4 14 10 11 17
4 18 16 20 19
4 8 7 10 14
4 1 4 5 6
1 2 3 4 
11 17 19 20 
1 6 13 18 19 
2 7 10 11