12 5 4
1.0000000011077155 0.0000000001162598
0.7758339014547581 0.4993268193897203
1.0000000011077155 0.5000725977773797
1.0000000011170256 1.0000000011165251
0.2180245471297211 0.4993568005218646
0.4996589509739713 0.2147743319435873
0.4996897344514838 0.7727633785868102
0.5000141911447692 0.0000000001162598
0.5000773689980282 1.0000000011165251
0.0000000001166945 1.0000000011117594
0.0000000001156670 0.0000000001157725
0.0000000001166944 0.5001183437099128
5 12 5 7 9 10
5 6 8 1 3 2
5 2 3 4 9 7
5 11 8 6 5 12
4 6 2 7 5
1 8 11 
4 9 10 
10 11 12 
1 3 4