1860	1776	4
10	10
-10	10
-10	-10
10	-10
-4	-2
4	2
8.7500000000005	10
7.5000000000006	10
6.2500000000026	10
5.0000000000049	10
3.7500000000063	10
2.5000000000088	10
1.2500000000112	10
1.2294165685489e-11	10
-1.2499999999895	10
-2.4999999999914	10
-3.749999999993	10
-4.9999999999939	10
-6.2499999999949	10
-7.4999999999971	10
-8.7499999999968	10
-10	8.7500000000005
-10	7.5000000000006
-10	6.2500000000026
-10	5.0000000000049
-10	3.7500000000063
-10	2.5000000000088
-10	1.2500000000112
-10	1.2294165685489e-11
-10	-1.2499999999895
-10	-2.4999999999914
-10	-3.749999999993
-10	-4.9999999999939
-10	-6.2499999999949
-10	-7.4999999999971
-10	-8.7499999999968
-8.7500000000005	-10
-7.5000000000006	-10
-6.2500000000026	-10
-5.0000000000049	-10
-3.7500000000063	-10
-2.5000000000088	-10
-1.2500000000112	-10
-1.2294165685489e-11	-10
1.2499999999895	-10
2.4999999999914	-10
3.749999999993	-10
4.9999999999939	-10
6.2499999999949	-10
7.4999999999971	-10
8.7499999999968	-10
10	-8.7500000000005
10	-7.5000000000006
10	-6.2500000000026
10	-5.0000000000049
10	-3.7500000000063
10	-2.5000000000088
10	-1.2500000000112
10	-1.2294165685489e-11
10	1.2499999999895
10	2.4999999999914
10	3.749999999993
10	4.9999999999939
10	6.2499999999949
10	7.4999999999971
10	8.7499999999968
-3.8461538461543	-1.9230769230772
-3.6923076923086	-1.8461538461543
-3.5384615384629	-1.7692307692314
-3.3846153846171	-1.6923076923085
-3.2307692307713	-1.6153846153857
-3.0769230769256	-1.5384615384628
-2.9230769230798	-1.4615384615399
-2.7692307692342	-1.3846153846171
-2.6153846153885	-1.3076923076942
-2.4615384615427	-1.2307692307714
-2.307692307697	-1.1538461538485
-2.1538461538513	-1.0769230769256
-2.0000000000056	-1.0000000000028
-1.8461538461598	-0.92307692307991
-1.6923076923141	-0.84615384615705
-1.5384615384684	-0.76923076923419
-1.3846153846226	-0.69230769231132
-1.2307692307769	-0.61538461538846
-1.0769230769312	-0.5384615384656
-0.92307692308547	-0.46153846154274
-0.76923076923975	-0.38461538461987
-0.61538461539402	-0.30769230769701
-0.46153846154829	-0.23076923077415
-0.30769230770257	-0.15384615385128
-0.15384615385684	-0.076923076928421
-1.1116441100967e-11	-5.5582205504834e-12
0.15384615383546	0.076923076917732
0.30769230768204	0.15384615384102
0.46153846152863	0.23076923076431
0.61538461537521	0.3076923076876
0.76923076922179	0.38461538461089
0.92307692306837	0.46153846153418
1.0769230769149	0.53846153845747
1.2307692307615	0.61538461538076
1.3846153846081	0.69230769230406
1.5384615384547	0.76923076922735
1.6923076923013	0.84615384615064
1.8461538461479	0.92307692307393
1.9999999999944	0.99999999999722
2.153846153841	1.0769230769205
2.3076923076876	1.1538461538438
2.4615384615342	1.2307692307671
2.6153846153808	1.3076923076904
2.7692307692273	1.3846153846137
2.9230769230739	1.461538461537
3.0769230769205	1.5384615384603
3.2307692307671	1.6153846153835
3.3846153846137	1.6923076923068
3.5384615384603	1.7692307692301
3.6923076923068	1.8461538461534
3.8461538461534	1.9230769230767
-2.8469998600946	-0.7573969243271
-3.0300313750534	-0.10952629918649
-3.5330725434613	-1.0624381890537
-5.1090090931336	0.87858896003685
-5.0907218006453	3.329805793641
-7.3027523999045	1.2332947882883
-2.3652235246676	-0.70629257821768
-1.2644194996656	-0.14518470260623
-1.8177209904503	0.64099522483199
-1.9939250515736	-0.21663635766051
1.7615697619053	1.9740010644585
2.0468099361581	-0.40127141278623
2.1340026037458	0.32807659278561
-3.1169865654634	0.96073467818349
5.3969612705992	-1.5205262965131
3.9303892221094	-1.2407609696177
2.7760121666388	-2.0073245897093
4.6885027598837	0.30891364801156
6.9597717660108	1.0426231365413
7.4435219272384	4.6946045434792
7.1935079044216	-1.5610253007593
-1.1845396947446	3.87480061968
-3.9491200801246	5.4593847154184
-2.6966629748242	2.3569380823352
1.0356539705104	1.6097493824006
0.31868052069539	1.2140457421735
3.791379215459	1.3360378267563
4.4764691256169	1.4902954130815
3.4200792235494	2.9376250320063
3.1032243740699	2.2338739076772
-2.8179900880774	-5.8004254911826
-2.1814378514721	-3.6266815689678
-4.5720651095296	-4.0434591412467
-0.25610685455966	-4.8547457598288
-4.3103500413492	-2.594235765788
-5.7054528500774	-2.5918231935128
4.9725073344945	-3.4957567116905
-7.3537321067856	-2.3935544420684
-0.3834407286943	0.77153076858506
-0.53217511328195	-3.3315033095307
-0.28418347763178	-2.0496602646626
-0.93807768382094	-1.9680026619438
-7.5447896894568	-0.53518024160455
3.2045388357424	4.1717783092881
2.4134066864602	3.1432170355037
2.4603766582781	3.9952543553894
-0.53139931660048	-1.2152338464487
-3.9256582790389	-0.40420651655015
1.4462913880189	-1.5434935654144
0.70286079546128	-1.9015459591641
1.3937355128032	-3.1769767824722
4.3183006215522	5.5958087973207
2.9079757830141	5.684652081159
4.4022322842579	3.271469332997
5.2714372788196	4.1383549583604
-2.4754090919967	6.8316906926469
5.2534694873888	2.386967287007
-2.876416836228	-2.4531358684686
-2.1106023016568	-2.5169254199508
-2.1627026915973	-1.8755311786443
-3.1088174387785	-3.3005525881442
0.07565498958126	6.6486981348791
-6.0459042507099	-7.246528576435
2.460361908674	-5.8597819745131
-6.1689420149897	6.7820037882991
1.1009142858335	-0.78280750919474
0.2085469863136	-0.99893258372204
-0.3229637525887	2.134905246145
5.8467793279565	-7.2052889662136
2.4480076803467	7.2235947350299
0.55935163588831	2.3048993037035
-5.2412224791236	-1.1607967913048
-4.300521760011	-0.98458815371723
3.9466238849232	4.0866125556831
1.6736978588396	4.7882580138664
-1.1856050057147	-1.424396116897
-3.5515753093055	-2.4324557188876
-4.1695819834494	-3.0696676370145
-3.7132487974113	-2.9671384854161
-1.2740306875546	1.5036774649089
1.0906607029944	3.2437870106116
2.5173531943068	2.1979281650611
3.3890663143534	-0.32827399936397
-1.7566832089223	-1.6666831939233
3.4568215977545	0.91603278852506
-1.3721480786066	-2.3253629200626
2.7765809837435	0.50385946950492
-0.95037117178231	0.26526188867124
-4.012373365003	-1.266382104231
4.4990135959868	2.6523595547363
-3.4778448270462	-0.25686640786832
-3.7293654112501	-0.73332235280192
-3.190036201778	-0.90991755669039
-2.938515617574	-0.4334616117568
-3.3339405144121	-0.58339198227936
-5.0998654468895	2.1041973768389
-7.5453609003227	4.164902896823
-8.6513761999522	3.1166473941466
-6.205880746519	1.0559418741626
-6.8756208234209	2.6104223854928
2.090406269952	-0.036597410000312
1.8362320711003	0.54865368100648
1.4849434296132	0.030133524373976
1.6605877503568	0.28939360269023
0.67716724560288	1.4118975622871
0.62087872188188	0.83779210185386
1.2870577544825	1.189490075814
0.95396823818221	1.0136410888339
3.2616517988096	2.5857494698418
3.2439198793418	1.963090799992
3.7100396117747	2.4688125160031
3.4769797455582	2.2159516579976
3.3532006943741	-1.6240427796635
3.8742597505666	-2.7515406506999
5.1847343025468	-2.5081415041018
4.6636752463543	-1.3806436330654
4.2689674984605	-2.0660921418826
-6.5295924784315	-2.4926888177906
-8.6768660533928	-3.6967772210312
-7.2860325547648	-4.5217295706203
-5.1387589798035	-3.3176411673798
-6.9078125165982	-3.5072091942055
3.3123090296459	3.5547016706472
2.8324577470102	4.0835163323388
2.4368916723691	3.5692356954465
2.9167429550048	3.040421033755
2.8746003510075	3.5619686830469
4.7948689501859	4.8670818778405
6.357479603029	4.4164797509198
6.2217609636217	7.3473022717396
4.6591503107786	7.7979043986603
5.5083149569038	6.1071920747901
-2.5668298874346	4.6670926675492
-0.55444235258165	5.2617493772796
-1.1998770512077	6.740194413763
-3.2122645860606	6.1455377040327
-1.8833534693211	5.7036435406561
-4.519920940385	4.3945952545297
-3.8936923877348	2.8433719379881
-1.9406013347844	3.1158693510076
-3.2302611375847	3.7552323027687
-5.0590310475571	6.1206942518588
-8.0844710074948	5.891001894152
-6.3021959739399	5.1427985743409
1.2301809543309	-7.9298909872565
1.1021275270572	-5.3572638671709
-1.5370484713185	-5.3275856255057
-1.4089950440449	-7.9002127455913
-0.15343375849384	-6.6287383063811
7.4862536672472	-4.2478783558477
8.5967539522108	-3.2805126503821
6.2952345875104	-1.5407757986362
6.8907441273788	-2.8943270772419
4.1535706183152	-6.5325354703634
7.9233896639782	-6.1026444831093
3.7164346215842	-4.6777693431018
5.8199121427812	-5.3902069131055
-3.7377045459953	8.4158453463235
-5.5844710074918	8.3910018941496
-4.3983677967762	7.2682697990911
0.79750280319934	1.957324343052
0.11819394164981	2.2199022749242
-0.0021416159466542	1.6744754941593
0.39768059362634	1.8158999186056
-0.79849722007164	1.8192913555269
-0.82873570812444	1.137604116747
-0.032380103999454	0.9927882553793
-0.41543866203555	1.4060398054531
3.7240038401758	8.6117973675149
2.6779917316804	6.4541234080945
3.6131382022831	5.6402304392399
3.6685710212295	7.1260139033774
-2.4673537779569	0.80086495150774
-3.0735089702584	0.4256041894985
-2.5119782133135	-0.1630813284235
-1.9058230210119	0.21217943358574
-2.4896659956352	0.31889181154212
5.4233896639752	-8.6026444831068
7.7116948319877	-8.0513222415537
-7.792235503746	7.9455009470751
-0.72723811984298	-0.83838615399574
-1.3620332720915	-1.0968134430656
-0.85850216115757	-1.3198149816729
-1.0446356959672	-0.96759979853068
8.7217609636192	4.8473022717365
8.1108804818099	7.4236511358684
-0.046939495875072	3.5592938151458
1.382179280917	4.016022512239
0.87467642421045	5.7184780743727
0.41386846416769	4.6388859447593
-3.4588439640392	-1.3773729406811
-2.8081153146644	-1.0710061544721
-3.1334796393518	-1.2241895475766
2.4653799403835	2.6705726002824
2.8102887841883	2.2159010363691
2.8635158695966	2.6281610350621
5.0427320152415	-0.60580632425077
4.0387845371186	-0.0096801756762037
3.6597277682314	-0.78451748449082
4.3512298917365	-0.69516190437079
7.0766398352162	-0.25920108210898
5.8241372629473	0.67576839227643
6.0596859252289	-0.43250370317988
-2.9926171375032	-2.8768442283064
-2.6451276451253	-3.463617078556
-2.1460200765645	-3.0718034944593
-2.4935095689424	-2.4850306442097
-2.5693186070339	-2.9743238613829
4.1339241705379	1.4131666199189
3.6241004066067	1.1260353076407
4.0726621788191	0.61247321826831
4.5824859427503	0.89960453054654
4.1032931746785	1.0128199190936
1.9577079578732	1.5254620706895
1.3986118662079	1.7918752234295
1.6223828561779	1.3574760732517
-2.6061116923811	-0.73184475127239
-2.1795742881206	-0.4614644679391
-2.5590449528473	-0.44746303984795
-2.2595348392595	-0.89160782757166
-2.5338250769619	-0.98130699102188
2.4552917937446	0.41596803114526
2.4652135687922	0.79039127321271
2.1507228199463	0.6695224771096
1.4261152324499	2.6088940375351
0.82500616944136	2.7743431571575
1.1118090178246	2.2831091902935
-7.4492608981212	-1.4643673418365
-8.7723948447284	-0.26759012079613
-8.7246304490606	-1.982183670914
-5.1751157861286	-0.14110391563399
-7.4237710446806	0.34905727334187
-6.3930060842902	-0.84798851645469
-6.2994434154046	0.10397667885394
1.5738621109958	-0.59203946099049
1.2736028369262	-1.1631505373046
2.1111517773288	-1.7754090775619
2.4114110513984	-1.2042980012478
1.8425069441623	-1.1837242692762
2.7179381252558	-0.3647727060751
3.0355694098149	-0.99440774286929
1.0482981541322	-2.5392613708182
2.084873839721	-2.5921506860908
1.0745760917401	-1.7225197622893
1.5797249657305	-2.15733522419
1.9270487107386	-4.5183793784926
2.9006542306526	-3.6349600145963
3.3267853091533	-8.2662677351817
-0.75375172366663	3.0048529329125
0.035627222887367	2.889598045035
3.116701290749	0.70994612901499
3.0828236490484	0.087792735070475
3.5777429139338	0.35013297666939
-4.4319471693937	-6.5234770338088
-5.5229521253574	-8.6232642882175
-3.4659735847012	-8.2617385169044
3.1130261834909	1.1503240865694
2.7891198761416	0.97035767989104
0.037827494796777	8.3243490674396
1.261831334964	6.9361464349545
1.8809156674864	8.4680732174773
-3.2139960727668	-2.4427957936781
-2.8228238027311	-1.9188756265429
-3.4680953469613	-2.0623817055981
-3.1454595748462	-1.9906286660705
-1.9853468311894	1.930307773622
-1.369549277428	2.4675803532673
8.4798858830054	0.5213115682645
7.2016468466246	2.8686138400102
8.6008234233123	2.6843069200008
-2.4997139697748	-4.7135535300752
-3.840441274154	-3.6720058646955
-3.6950275988035	-4.9219423162147
-3.1700776219644	-4.1927796973854
-3.4110331180949	-3.1338455367802
-3.9414153904304	-3.0184030612153
-4.3708235464895	-3.5565633891306
-3.8909283322922	-3.3452044629554
2.0670372585589	4.3917561846279
3.0562573093782	4.9282151952236
2.2908368209269	5.2364550475127
2.5616472839685	4.6599856899257
-2.136652496627	-2.1962282992975
-2.4659667304157	-1.6300732816307
-2.4797381496791	-2.0575519629202
-4.7708721195673	-1.072692472511
-4.113090019525	-0.69439733513369
-4.5173336860863	0.23719122174335
-4.6441029028268	-0.41775062538384
-8.0229521253549	-6.1232642882144
-7.7614760626778	-8.0616321441073
-1.8499385255996	8.3700972068815
-5.4733376646005	-1.8763099924088
-6.4612992813609	-1.6703386671227
-4.1551750206746	-2.297117882894
-4.6206112395618	-1.5803983956524
-5.0079014457133	-2.5930294796504
-4.8142563426375	-2.0867139376514
-0.049572660694482	-0.57638936878666
-0.16142616514344	-1.1070832150854
-0.38840539026873	-0.7073877613912
-0.61113058072636	-2.0088314633032
-1.1551128812138	-2.1466827910032
-0.95216159594426	-2.8284331147967
-0.40817929545687	-2.6905817870967
-0.78164608833531	-2.4186322890499
3.5755813603328	4.1291954324856
4.1324622532377	4.8412106765019
3.594359781308	4.8847129358627
-1.356806482377	-3.4790924392493
-1.7413751901317	-2.4211441700067
-1.5490908362544	-2.950118304628
-2.9068247701438	1.6588363802593
-1.5458758390024	1.0723363448704
-2.2263503045731	1.3655863625649
0.4307801997606	-3.2542400460015
-0.39414098392081	-4.0931245346797
0.76645386340889	-4.3057519565862
-1.4469274768478	-4.4033390323775
-1.5644156437644	-1.996023056993
-1.9596929502598	-1.7711071862838
-1.8505340701957	-2.0961256781452
-1.6291722756196	-0.18091053013337
-1.107395335724	0.060038593032503
-1.3840460811163	0.45312855675161
-1.5066091783679	0.13610901330912
-4.1129978292985	0.91966181911017
-4.0033451085166	1.8815168785491
-3.7954213281723	0.33139770562092
-5.8589898620792	-5.5226033022146
-3.6324120533584	-2.6997971021519
-3.3125145954308	-2.7883206652291
-8.7118855223403	1.4245286366753
-3.9309626753274	-2.5133457423378
-4.2399660123993	-2.8319517014013
-3.9361890328789	-2.7658744017766
8.5383199176081	-1.3796005410589
-4.156447562507	-1.1254851289741
-3.7727229542322	-1.1644101466424
-3.9429064868786	-0.92940374088802
1.7763340779454	6.0863007412336
4.2382345628085	1.7451477065408
3.5879973000363	1.5141727595316
3.9131159314224	1.6296602330362
1.7520336947273	3.1935020230576
1.9095354766431	3.7926291038428
-4.6893624961014	-3.0747964343905
2.1394614781061	2.0859646147598
1.9457475864167	2.6397333189087
0.70430329675776	-0.31448067767686
0.65473063607354	-0.89087004645839
0.32736531803121	-0.44543502323198
2.6432919817671	1.7912717748374
2.9436059305544	1.8771812874147
2.3004999698201	1.6583669227634
-0.6669059502383	0.51839632862815
-1.1063908946204	0.79536633674929
-3.811635183818	-2.1797497942461
-4.0061866825015	-1.6331910521155
-4.3885294010344	-1.3529417623133
-0.037874210506126	0.46268846121304
0.29150225568788	0.65024028153345
-3.7325153232704	-1.5052819963983
3.3505117417636	1.3322484230505
4.1744280845905	3.6790409443401
4.8368347815387	3.7049121456787
4.4846485173882	4.2730614110903
0.20933865891475	-1.9756031119134
0.32005942933768	-2.6149215789574
0.45570389088744	-1.4502392714431
-0.40779139711613	-1.6324470555557
0.023956246885656	-1.5413431634994
-1.0618413447678	-1.6961993894204
-1.4711441073185	-1.5455396554102
-1.3131284942661	-1.8461112232067
-0.73481637094197	-1.6643232224881
-1.9552646813868	-1.3718031354245
-1.6586489767391	-1.234308289245
3.9111557539036	3.1045471825017
3.7433685571182	3.6168713074936
-0.62903173974244	0.055707867409977
-0.33345297512471	0.2591981643113
4.4506229401223	2.9619144438666
4.8762415416878	2.5196634208716
5.2624533831042	3.2626611226837
4.8565381616132	3.1122877832752
2.5866149595002	0.025597662535082
-2.2106157059012	-1.5009382085276
4.2495067979934	2.3261797773681
4.0803312759485	2.7153634799349
4.8649693065028	1.9386313500443
4.5572380522481	2.1324055637062
-1.766193295021	-0.49293356344735
-2.0128640671402	-0.69227069550951
1.0946233631855	-0.14217357665144
0.86465336390682	-1.3066949043738
-1.0937482113755	-0.30336158207448
-0.86138997555899	-0.12382685733225
-1.4299707531983	-0.39814757276092
6.1066206266998	1.7147952117742
5.3445532847251	1.3071998711604
6.2320501148644	3.065637481347
-3.2539381010498	-0.18319635352741
-3.4058926707291	-0.42012919507384
-3.136228065993	-0.50842679701808
-2.9842734963137	-0.27149395547165
-3.1950830835214	-0.34581157527274
-3.7017515530425	-0.33053646220924
-3.8275118451445	-0.56876443467603
-3.5316529628311	-0.65835716754064
-3.6167022579368	-0.49444681487494
-3.6312189773557	-0.8978802709278
-3.3615543726197	-0.98617787287204
-3.261988358095	-0.74665476948487
-3.4466036677254	-0.82226752020634
-3.0185180309363	-0.83365724050875
-2.8927577388343	-0.59542926804195
-3.0773730484647	-0.67104201876341
-5.1044372700116	1.4913931684379
-5.9877431351552	2.3573098811659
-6.54075078497	1.8331821298277
-5.6574449198263	0.96726541709971
-5.8225940274908	1.6622876491328
-5.0952936237674	2.71700158524
-6.318041350484	3.747354345232
-7.2104908618718	3.3876626411579
-6.1528922428196	3.0523321131989
-8.7726804501613	4.582451448414
-9.3256880999761	4.0583236970758
-7.7634985116865	2.8635348898197
-8.2680894809239	3.7229931691168
-7.9770642999283	2.1749710912174
-6.7543165732117	1.1446183312254
-7.2589075424491	2.0040766105226
2.0686081030551	-0.21893441139327
1.8754970101544	0.12639809634496
1.572765589985	0.1597635635321
1.7658766828857	-0.18556894420613
1.82068684652	-0.029585423930585
2.1122044368489	0.14573959139265
1.985117337423	0.43836513689604
1.7484099107285	0.41902364184835
1.9303071737887	0.2823816166205
1.6873468047775	0.65894222511691
1.4456784905591	0.4523891090355
1.5665126476683	0.5556656670762
1.2040101763408	0.24583599295408
1.32484433345	0.34911255099479
0.85641060805663	1.5108234723438
0.81556774189254	1.2127693255605
1.1205129963324	1.1015655823239
1.1613558624965	1.3996197291073
0.9884618021945	1.3061945273339
0.49792388314913	1.3129716522303
0.46977962128863	1.0259189220137
0.78742348003204	0.92571659534388
0.64267368159059	1.1193441237871
0.77197782247512	0.64966528169402
1.0923687344719	0.81451285210734
0.93217327847349	0.73208906690068
1.4127596464686	0.97936042252065
1.2525641904702	0.896936637314
3.3408655111795	2.761687250924
3.3693157721839	2.4008505639197
3.5935096786665	2.3423820870004
3.5650594176621	2.7032187740047
3.467187594923	2.5520346689622
3.1824380864398	2.4098116887595
3.1735721267058	2.0984823538346
3.36044981245	2.0895212289948
3.2714439494449	2.2496664588771
3.3142676319777	1.8276992461494
3.5846437189325	2.0310527520755
3.4494556754551	1.9293759991125
3.8550198058874	2.2344062580016
3.7198317624099	2.1327295050385
3.6417949582418	-1.4324018746406
3.8110840964173	-1.8450674607731
4.4663213724074	-1.723367887474
4.2970322342319	-1.3107023013415
4.0540581653246	-1.5778848810573
3.0646064305064	-1.8156836846864
3.3251359586027	-2.3794326202046
4.0716136245135	-2.4088163962913
3.56811002751	-2.1122500404888
4.4233835425305	-3.1236486811952
5.0786208185206	-3.0019491078961
4.7268509005037	-2.2871168229922
4.5751172215171	-2.7053827520937
5.290847786573	-2.0143339003074
5.0303182584768	-1.4505849647892
4.8785845794902	-1.8688508938907
-6.1175226642545	-2.5422560056517
-6.7187024975148	-2.999949005998
-6.0232857482008	-3.4124251807926
-5.4221059149405	-2.9547321804463
-6.0704042062277	-2.9773405932222
-6.9416622926086	-2.4431216299295
-8.0152990800892	-3.0451658315498
-7.7923392849955	-3.6019932076183
-7.367000788802	-3.0225574187739
-9.3384330266964	-4.3483886105125
-8.6430162773824	-4.7608647853071
-7.0969225356815	-4.0144693824129
-8.2176777811889	-4.1814289964627
-5.9290488321472	-4.2825943559335
-4.8554120446665	-3.6805501543133
-5.976167290174	-3.8475097683631
3.3661941265977	3.2461633513268
3.0934546903267	3.558335176847
2.8956716530062	3.3011948584009
3.1684110892771	2.9890230328806
3.1309328898019	3.2736791048638
3.2584239326941	3.8632399899677
3.0184982913763	4.1276473208135
2.8535290490089	3.8227425076928
3.0559764908515	3.8429912488303
2.6464172026442	4.0393853438641
2.4486341653236	3.782245025418
2.6557460116883	3.5656021892467
2.6510816071662	3.8024937665554
2.4251491794147	3.3562263654751
2.6650748207325	3.0918190346293
2.6604104162104	3.328710611938
4.556584785869	5.2314453375806
5.1515919535448	5.4871369763153
5.0837326338412	6.9525482367252
4.4887254661654	6.6968565979905
4.8201587098551	6.0919967871529
5.0331531145027	4.5027184181005
5.8144584409243	4.2774173546401
5.9328972799664	5.2618359128549
5.4830251972346	4.8822771654777
6.9005007651337	4.5555421471995
6.83264144543	6.0209534076094
5.8650379602627	6.7272471732648
6.3827693626982	5.6413946602322
5.6108804818133	8.6736511358698
4.8295751553917	8.8989521993302
5.3473065578272	7.8130996862975
-3.2579749837796	5.0632386914838
-2.2250916783778	5.1853681041027
-2.5478090276909	5.9245906223444
-3.5806923330926	5.8024612097255
-2.9028920057352	5.4939146569141
-1.8756847910896	4.2709466436146
-0.86949102366311	4.5682749984798
-1.2188979109514	5.4826964589678
-1.5472913510205	4.8768215512912
-0.2393936815002	5.9552237560793
-0.56211103081322	6.6944462743211
-1.5416152602644	6.2219189772096
-0.89050447088231	6.0885713666445
-1.8376430716022	6.785942553205
-2.8438368390286	6.4886141983398
-2.1927260496465	6.3552665877747
-2.8985455125096	4.2111624851589
-2.5854312361845	3.4355508268881
-1.5625705147645	3.4953349853438
-2.230558013637	3.8532487352514
-4.2345205102548	4.9269899849741
-3.8750910389848	4.0749137786492
-3.5665330113822	4.5690762350665
-4.8053213705152	3.8622005240854
-4.4922070941901	3.0865888658146
-3.5619767626597	3.2993021203784
-4.1836490665874	3.5807513222319
-3.2951776812795	2.6001550101616
-2.3186321548043	2.7364037166714
-2.940304458732	3.0178529185249
-5.4110584571624	4.7686969144353
-6.9237784371313	4.6538507355819
-5.8645499038232	4.2580256298337
-4.5040755638408	5.7900394836386
-5.6806135107485	5.6317464130998
-4.9575670105016	5.2793681990369
-5.6139865312734	6.4513490200789
-7.1267065112422	6.3365028412256
-7.1933334907174	5.5169002342464
-6.4036600109954	5.9841246271627
-9.0422355037474	5.4455009470785
-7.9830069704393	5.0496758413302
0.61509047715928	-8.9649454936283
0.53837359791851	-7.2793146468188
-0.78121440126935	-7.2644755259862
-0.70449752202858	-8.9501063727956
-0.083061962055035	-8.1147105098072
1.8452714315024	-6.8948364808848
1.7812447178656	-5.608522920842
0.47434688428167	-5.993001086776
1.1598091578921	-6.4439187838304
0.42301033624876	-5.1060048134999
-0.8965776629391	-5.0911656926672
-0.8452411149062	-5.9781619659434
-0.21111538932872	-5.5420833897216
-2.177519279698	-5.5640055583441
-2.1134925660612	-6.8503191183869
-1.4793668404837	-6.4142405421652
6.0377392149628	-2.7012342906719
6.5929893574446	-2.2175514379391
5.8460979290548	-1.5306510475746
5.9419185720088	-2.1159426691233
6.2293805008708	-3.8718175337691
7.188498897313	-3.5711027165448
6.1335598579168	-3.2865259122205
8.7431268336236	-4.6239391779263
9.2983769761054	-4.1402563251935
7.7437490397948	-3.087419863812
8.2434379367092	-3.8556795208692
7.8951309283162	-2.4207689755707
6.744371245966	-1.5509005496977
7.2440601428804	-2.3191602067549
3.3069662634946	-6.1961587224382
4.9867413805482	-5.9613711917344
4.7681733821827	-5.0339881281036
3.0883982651291	-5.2687756588074
4.0375698228387	-5.6150734252709
5.0001749731359	-6.8689122182885
6.8850844959674	-6.6539667246615
6.8716509033797	-5.7464256981074
5.9359129382578	-6.307668958198
8.9616948319891	-5.5513222415571
6.6530829050142	-4.8190426344766
7.8073888685017	-5.1851824380169
4.3444709780393	-4.0867630273961
5.4987769415268	-4.4529028309364
-3.8053161914184	6.7069037515619
-4.7286994221666	6.6944820254749
-4.1546958776296	6.2484716176002
-3.106556818996	7.6237680194852
-4.0680361713857	7.8420575727073
-3.4559365052072	7.1653358855235
-4.3688522729946	9.2079226731617
-5.2922355037428	9.1955009470748
-4.991419402134	7.8296358466203
-4.6801358375643	8.518779259891
-5.8767065112407	7.5865028412243
-5.3027029667037	7.1404924333496
0.91657838685486	1.7835368627263
0.59759169841284	1.8866121308288
0.53742391961461	1.6138987404463
0.72700115323474	1.6987178015863
0.67842721954383	2.1311118233777
0.33877278876906	2.2624007893138
0.25793726763808	2.0179010967649
0.46818224359095	2.0745064600713
-0.10238490546944	2.1774037605346
-0.16255268426768	1.9046903701521
0.19776948883984	1.7451877063825
0.0476922916852	1.9612957334585
0.15826945237437	1.4442606181664
0.34784668599449	1.5290796793064
-0.56073048633017	1.977098300836
-0.60696794105359	1.61266558049
-0.2087901389911	1.5402576498062
-0.38476031266063	1.7586779753211
-1.0362639538131	1.6614844102179
-1.0513831978395	1.3206407908279
-0.62208718507999	1.2718219611
-0.82917556944655	1.466653185659
-0.60608821840937	0.95456744266602
-0.20791041634688	0.88215951198218
-0.2239093830175	1.1994140304162
-0.41499880071343	1.0769907365411
0.14315020834797	1.1034169987764
-0.032819965321567	1.3218373242913
4.163860666004	7.4619591510189
3.6408546117563	6.3831221713086
3.9657194119177	5.6180196182803
4.0647900389608	6.5399893846496
4.3620019200904	9.3058986837575
3.6962874307027	7.8689056354462
4.2629312930472	8.3839289173882
3.0860057602613	7.9176960512724
2.5629997060136	6.8388590715622
3.1732813764549	6.7900686557359
3.1296435683581	7.3538823535042
2.7929837573472	6.0693877446267
3.2605569926486	5.6624412601994
3.2169191845518	6.2262549579677
-2.1425373842036	0.72093008816986
-2.478509886796	0.55987838152493
-2.1977445083235	0.26553562256393
-1.8617720057311	0.42658732920886
-2.1701409462636	0.4932328553669
-2.7921701717101	0.88079981484561
-3.0952477678609	0.69316943384099
-2.7815874829468	0.37224800052031
-2.7868788273285	0.62652390768296
-3.0517701726559	0.158038945156
-2.7710047941834	-0.136303813805
-2.5008221044743	0.077905241559309
-2.7762961385651	0.11797209335766
-2.2529516324435	-0.189858843042
-1.9498740362927	-0.0022284620373844
-2.2253480703835	0.037838389760962
7.6058474159924	-9.0256611207769
6.5675422479814	-8.3269833623303
5.2116948319845	-9.3013222415534
6.4087711239882	-9.1634916811651
8.8558474159938	-7.7756611207771
8.8029237079953	-8.8878305603887
7.817542247983	-7.0769833623315
8.9087711239915	-6.6634916811671
5.6350844959658	-7.9039667246602
6.7263133719744	-7.4904750434959
-7.9383532556204	6.9182514206135
-8.896117751873	7.7227504735378
-8.9691766278102	6.5841257103081
-6.6883532556189	8.1682514206123
-6.9075298834306	7.2523771309189
-7.6461177518715	8.9727504735375
-6.4691766278069	9.0841257103062
-8.8230588759349	8.861375236769
-0.62931871822173	-1.0268100002222
-0.88593690790511	-0.90299297626321
-0.95156892856241	-1.1437073901018
-0.69495073887903	-1.2675244140608
-0.79044382339207	-1.085258695162
-0.82515752146422	-0.64996230776924
-1.1377024633721	-0.79149220695957
-0.98142999241815	-0.7207272573644
-1.4502474052799	-0.9330221061499
-1.2033344840294	-1.0322066207981
-1.293974934326	-0.86225715655474
-1.2738191389031	-1.2606047799813
-1.0220535834361	-1.372105549285
-1.1126940337328	-1.2021560850416
9.0554402409049	7.4618255679327
8.4163207227145	6.1354767038024
9.3608804818096	4.9236511358652
9.2081603613573	6.1927383518987
7.8054402409052	8.7118255679342
8.9027201204527	8.7309127839655
7.1663207227158	7.385476703804
6.7081603613592	8.692738351902
8.0826414454288	4.7709534076079
7.6244810840723	6.0782150557059
-0.07028694420698	4.9503176610194
0.64427244418907	5.178682009566
0.47516570689586	6.1835881046259
0.20243938134444	5.5669528828227
-0.61573959530982	3.7170472174129
0.18346448414631	4.0990898799525
-0.3430132697584	4.3336824392162
0.52186060355967	3.4015404128787
1.2364199919557	3.6299047614253
0.89802387254236	4.3274542284991
0.70994223805102	3.8644973206889
1.5279385698783	4.4021402630527
1.274187141525	5.2533680441196
1.0861055070337	4.7904111363093
-3.1617579205649	-1.0670535521335
-2.9707974770081	-1.1475978510243
-2.8275575873795	-0.9142015393996
-2.9946577539722	-0.99062754576654
-3.4959582537503	-1.2199055648674
-3.2961618016955	-1.3007812441288
-3.3288580871576	-1.1434795585004
-3.4217296743282	-1.5348403164948
-3.1052013581387	-1.3813255430197
-3.2634655162334	-1.4580829297573
-2.7886730419493	-1.2278107695446
-2.9469372000439	-1.3045681562821
2.8901294123007	2.8342910344085
3.0625838342031	2.6069552524519
3.1154974617401	2.7979891426663
2.4393933134218	2.906894817893
2.66444790499	2.6493668176722
2.6647613628613	2.8705929261508
2.4913665673451	2.4342503826717
2.6638209892476	2.2069146007151
2.8369023268924	2.4220310357156
2.6641344471188	2.4281407091937
2.9567565791291	2.2248874720232
3.0096702066661	2.4159213622375
5.2198466429204	-1.0631663103819
4.696980953489	-0.65048411431078
4.5074525690454	-1.0379027687181
4.8636496059829	-1.05053453955
4.8656173875626	-0.14844633811961
4.3636436485012	0.14961673616768
4.1950072144275	-0.3524210400235
4.5303123009951	-0.25043368907155
3.713925425736	-0.16897708752009
3.5243970412924	-0.55639574192739
4.0054788299839	-0.7398396944308
3.85970212786	-0.45440839097545
3.7950584951704	-1.0126392270542
4.1512555321079	-1.0252709978862
5.5512089702352	-0.51915501371532
5.9419115940881	0.12163234454828
5.2563200114155	0.492341020144
5.4037644908253	-0.013406996785664
6.1774602563696	-0.98663975090803
5.698653449645	-1.024903030645
7.1350738698189	-0.91011319143412
6.5681628802225	-0.34585239264443
6.6562670630943	-0.94837647117108
7.0182058006135	0.39171102721616
6.3919545144791	0.85919576440887
6.4800586973508	0.25667168588222
-2.9345169868656	-2.6649900483875
-2.7809678722686	-2.9255840448447
-2.5314140879881	-2.7296772527963
-2.6849632025852	-2.4690832563392
-2.7329655374269	-2.6973336505919
-3.0507172881409	-3.0886984082253
-2.8769725419519	-3.3820848333501
-2.6072231260796	-3.2189704699695
-2.8289702071102	-3.1538344390974
-2.4132827482987	-3.5451493237619
-2.1637289640183	-3.3492425317136
-2.3576693417992	-3.0230636779211
-2.3854760450489	-3.2841065008415
-2.1283111891106	-2.794364457205
-2.3020559352996	-2.5009780320802
-2.3298626385494	-2.7620208550007
4.3051966480774	1.4517310165002
4.1186086726082	1.2129932695063
4.3428895587144	0.95621222482008
4.5294775341836	1.194949971814
4.3240431033959	1.2039716206602
3.9626516929985	1.3746022233376
3.7077398110329	1.2310365671985
3.8636967906426	1.0694276133672
3.9131742418205	1.2220149183524
3.5404610021806	1.0210340480829
3.7647418882868	0.76425300339669
4.0879776767488	0.81264656868097
3.8142193394647	0.91684030838192
4.3805824693514	0.46069343313994
4.635494351317	0.60425908927905
4.3617360140329	0.70845282898001
1.7342683511629	1.1402764981628
1.4547203053302	1.2734830745328
1.5735139988157	1.0598184603417
2.0557770558571	1.301192573805
1.7900454070255	1.4414690719706
1.89502270351	1.2207345359839
1.8596388598893	1.749731567574
1.5800908140566	1.882938143944
1.5104973611929	1.5746756483406
1.6850681105411	1.6622036079573
1.2171329183591	1.7008123029151
1.3359266118447	1.487147688724
-2.5355115830804	-0.30527218413572
-2.3693096204839	-0.45446375389352
-2.0867496698471	-0.3390504127998
-2.3111306264637	-0.32216129846776
-2.7487802852106	-0.44046232580237
-2.759892539697	-0.28838306980368
-2.7265557762379	-0.74462083779975
-2.5825783226142	-0.58965389556017
-2.7376680307243	-0.59254158180106
-2.4856676085244	-0.71906866474504
-2.2723989063941	-0.58387852307839
-2.4274886145042	-0.58676620931928
-2.4976817692523	-1.1060381108966
-2.6709701958132	-1.026156572747
-2.6431774056008	-1.1669244402206
-2.2066904965554	-0.98426545224865
-2.3966799581107	-0.93645740929677
-2.3521861329038	-1.0451517815726
-2.3123791819635	-0.79895020289467
-2.5699683846715	-0.85657587114714
-2.4411737833175	-0.8277630370209
-2.6987629860255	-0.88538870527337
1.9934774455233	0.60908807905804
1.9984383330471	0.79629970009176
1.8428925689123	0.72762096260434
2.2946471987452	0.37202231196544
2.3030073068455	0.54274525412743
2.1440623221342	0.49055519551174
2.6159363887441	0.45991375032509
2.6208972762679	0.64712537135882
2.3079681943692	0.72995687516115
2.4619522915567	0.59493531274312
2.3095298613166	0.93365717506661
2.1539840971818	0.86497843757919
1.5938424971776	2.2914475509968
1.2689621251372	2.4460016139143
1.2552104420162	2.0374922068615
1.4245264695969	2.1644698789292
1.2583879677222	2.9263405240733
0.95783343621789	3.0090650838846
0.96840759363299	2.5287261737255
1.1133977806776	2.7275333488994
0.69217890266484	2.5396212304305
0.95465591051198	2.1202167666728
0.82341740658841	2.3299189985516
1.0858944144355	1.9105145347939
-7.4014965024534	-1.9289608919525
-8.0869456735909	-1.7232755063752
-8.7007482512267	-2.8394804459726
-8.05112237684	-2.3842206689625
-7.497025293789	-0.99977379172052
-8.1585922670926	-0.40138518120034
-8.7485126468945	-1.124886895855
-8.1227689703417	-1.0623303437878
-9.3861974223642	-0.13379506039192
-9.3623152245303	-2.2410918354527
-9.3742563234473	-1.1874434479223
-9.3503741256133	-3.2947402229828
-5.2081691326261	-0.6509503534694
-5.7372796007666	-0.018563618390023
-6.3462247498474	-0.37200591880037
-5.8171142817069	-1.0043926538798
-5.7771969412367	-0.51147813613489
-5.1420624396311	0.36874252220143
-6.2526620809618	0.57995927650825
-5.6973622602965	0.47435089935484
-7.3632617222925	0.79117603081507
-6.8616072300426	0.2265169760979
-6.8079619016272	0.68556765366166
-7.4842803670687	-0.093061484131341
-6.9688978868735	-0.69158437902962
-6.9152525584581	-0.23253370146586
1.810336023577	-0.49665543688836
1.7081845275791	-0.88788186513333
2.1269589977804	-1.194011135262
2.2291104937783	-0.802784707017
1.9686475106787	-0.84533328607516
1.3373881984146	-0.68742348509261
1.1872585613798	-0.97297902324966
1.5580548905443	-1.1734374032904
1.4477215444794	-0.9304304441915
1.3599471124726	-1.3533220513595
1.7787215826739	-1.6594513214881
1.9768293607456	-1.479566673419
1.6683882366091	-1.4164443623893
2.4435819719838	-1.8913668336356
2.5937116090186	-1.6058112954785
2.2852704848821	-1.5426889844488
2.7234902306067	-1.0993528720585
2.8767537675354	-0.67959022447219
2.382374030707	-0.38302205943067
2.5529321306568	-0.7411874657446
3.1943850520945	-1.3092252612664
2.8940483305566	-1.4575182783725
3.3476485890232	-0.88946261368005
3.4947217736325	-1.1609322441603
3.0535022198046	-0.34652335271953
3.2005754044139	-0.61799298319979
0.87557947479675	-2.2204036649911
1.3140115599314	-2.3482982975041
1.3271505287353	-1.9399274932396
0.88871844360069	-1.8120328607267
1.101365001766	-2.0801655791154
1.2210168334677	-2.8581190766452
1.7393046762621	-2.8845637342815
1.8322994027257	-2.3747429551404
1.5266581180967	-2.6164310158928
2.4304430031799	-2.2997376379
1.8454383715297	-1.9663721508759
2.1379406873548	-2.133054894388
1.2604337398795	-1.6330066638518
1.5529360557046	-1.7996894073639
3.3874569906096	-3.1932503326481
3.3085444261184	-4.156364678849
3.8659639843245	-3.6400066800221
2.4927640351868	-3.1135553503435
2.9089499968947	-2.746493985274
1.6603921117709	-3.8476780804824
2.4138514706956	-4.0766696965444
2.0765780734788	-3.480616715413
2.1937053097063	-5.1890806765028
2.7511248679124	-4.6727226776759
2.9133926545724	-9.1331338675908
2.2784831317421	-8.0980793612191
1.7642415658658	-9.0490396806096
4.3750874865643	-8.4344561091443
4.0625437432786	-9.2172280545721
3.7401779637343	-7.3994016027725
4.6876312298501	-7.6516841637164
2.7927246976184	-7.1471190418287
-0.96914570920559	3.4398267762962
-0.35906225038963	2.9472254889738
-0.005656136493852	3.2244459300904
-0.48740092284972	3.3321363531933
-0.53835773812766	2.5698790895287
0.076910582268587	2.5547501599796
-0.23072357792954	2.5623146247542
0.43031669616437	2.8319706010963
0.38454474246671	2.5471856952051
0.47608864986202	3.1167555069875
3.8252025463765	0.48130309746885
3.8082637255262	0.17022640049659
4.0944230974388	0.31545991681827
3.2867614442518	0.81298945877003
3.3472221023414	0.53003955284219
3.5559819953141	0.64714627811944
2.9466411372462	0.60690279925995
2.929702316396	0.2958261022877
3.3302832814911	0.21896285586993
3.1384622093687	0.41293282756494
3.2359449817009	-0.12024063214675
3.5221043536136	0.024992884174924
-2.437484314373	-8.0809756312479
-2.982986792355	-9.1308692584522
-1.8437421571921	-9.0404878156239
-3.6249686287356	-6.1619512624957
-3.9489603770474	-7.3926077753566
-3.0312264715543	-7.1214634468718
-5.2389257100518	-6.8850028051219
-5.7844281880337	-7.9348964323263
-4.4944628550293	-8.442501402561
-4.8666942825406	-7.6637521038414
-5.2614760626812	-9.3116321441088
-4.1222314275178	-9.2212507012805
3.2849238906227	1.0331784375472
2.9510730298163	1.0603408832302
2.9529105834453	0.84015190445302
3.118917237034	0.93666517100011
2.9411284763591	1.2674697355915
2.6253291688379	1.1005634553291
2.7832288225985	1.1840165954603
2.6271667224669	0.88037447655188
2.4674295150773	1.0171103151978
2.7869039298566	0.74363863790592
2.1904578337476	9.2340366087386
2.8024597538311	8.5399352924961
3.2762298769187	9.2699676462481
0.018913747404536	9.1621745337198
0.95937158114158	8.3962111424584
1.1046857905764	9.1981055712292
0.056741242189018	7.4865236011593
0.66874316227262	6.7924222849168
1.5713735012252	7.7021098262159
0.8140573717071	7.5943167136876
1.8549195076554	7.0798705849922
2.3286896307432	7.8099029387442
-3.3827856910362	-2.4376257562829
-3.1797278238065	-2.2167122298743
-3.3067774609037	-2.0265051858343
-3.5098353281334	-2.2474187122428
-3.3447815759699	-2.2320654710586
-3.0452064544974	-2.4479658310734
-2.8496203194796	-2.1860057475058
-2.9841416887886	-1.9547521463067
-3.014674071643	-2.20135898869
-2.7960272859826	-1.65174550558
-3.1111913258859	-1.7645451022666
-2.9536093059342	-1.7081453039233
-3.4263553657892	-1.8773446989533
-3.2687733458375	-1.82094490061
-1.0616505005473	2.7362166430899
-1.0840232487498	2.1434358543971
-0.81119049343874	2.3566574719629
-1.6550753061062	2.7917248521374
-1.3121105076559	3.1157758142168
-2.3410049030068	2.1436229279786
-1.6774480543087	2.1989440634447
-1.9980401045565	2.467673890058
-1.629688759372	1.7169926192655
-1.3568560040609	1.9302142368313
7.7198288245081	0.7819673524029
8.5403546531589	1.6028092441327
7.9012351349685	2.7764603800055
7.0807093063177	1.9556184882758
7.8105319797383	1.7792138662042
9.2399429415027	0.26065578412611
9.3004117116562	2.5921534599961
9.2701773265794	1.4264046220611
8.6612921934658	3.7658045958687
9.3306460967329	3.7579022979308
7.3225843869315	3.7816091917447
7.9919382901986	3.7737068938067
-2.6588520289261	-5.2569895106289
-2.8348957958696	-4.4531666137303
-3.432552610384	-4.5573610068
-3.2565088434405	-5.3611839036986
-3.045702319655	-4.9071752587145
-2.3405759106235	-4.1701175495215
-2.9076026335449	-3.8281983879707
-2.6240892720842	-3.9991579687461
-3.4746293564662	-3.4862792264199
-3.5052594480592	-3.9323927810404
-3.1911159950056	-3.6572388071953
-4.2062531918418	-3.8577325029711
-4.1335463541665	-4.4827007287307
-3.8194029011129	-4.2075467548856
-3.2599252784367	-3.2171990624622
-3.6509807251936	-3.2395249998678
-3.8656848032231	-3.5086051638254
-3.5628050408299	-3.3629021131438
-3.5621409577531	-3.0504920110981
-3.8273320939209	-2.9927707733157
-3.9161718613613	-3.1818037620854
-3.7391564095572	-3.1161478865917
-4.0554986869399	-3.0440353491149
-4.2702027649694	-3.3131155130726
-4.1308759393908	-3.450883926043
-4.0931873131654	-3.247459637579
-4.4714443280095	-3.8000112651887
-4.1685645656163	-3.6543082145071
1.8703675586993	4.5900070992471
2.3143422712637	4.5258709372768
2.4262420524477	4.9482203687192
1.9822673398833	5.0123565306895
2.1483048055735	4.7691137339832
2.2637069584185	4.1935052700086
2.6970525154894	4.3717510111323
2.4803797369539	4.2826281405705
3.1303980725603	4.5499967522559
2.8089522966734	4.7941004425747
2.9137252940248	4.4608738816941
2.9821165461962	5.3064336381913
2.5994063019705	5.4605535643359
2.7041792993219	5.1273270034553
-2.1236273991419	-2.3565768596242
-2.308195323153	-2.1268901311089
-2.4866238593107	-2.271291303565
-2.3051256292263	-2.3139340815946
-2.1496775941121	-2.0358797389709
-2.3143347110065	-1.7528022301375
-2.4728524400474	-1.8438126222755
-2.3112650170798	-1.9398461806232
-2.617598749825	-1.5073443331239
-2.6512809762051	-1.9882137947315
-2.634439863015	-1.7477790639277
-2.6681220893952	-2.2286485255354
-5.0060472993454	-1.1167446319079
-4.707487511197	-0.74522154894743
-4.9096093444777	-0.27942727050891
-4.9578283219116	-0.69808595120842
-4.5356969397892	-1.0286403131141
-4.206805889768	-0.83949274442546
-4.3785964611759	-0.55607398025877
-4.4571467004825	-0.79235714668645
-4.0193741492819	-0.54930192584192
-4.2214959825626	-0.083507647403399
-4.5807182944565	-0.090279701820243
-4.3000462218692	-0.31979081383108
-4.81317138961	0.5578900908901
-4.8613903670438	0.1392314101906
-8.8807380313389	-7.7808160720522
-7.8922140940164	-7.0924482161609
-9.0114760626775	-5.5616321441042
-8.9461070470082	-6.6712241080779
-7.6307380313392	-9.0308160720537
-8.8153690156697	-8.8904080360252
-6.6422140940176	-8.3424482161624
-6.4461070470101	-9.1712241080812
-7.0344281880324	-6.6848964323247
-6.838321141025	-7.5136723242436
-2.7938215357974	8.3929712766025
-2.1749692627955	9.1850486034408
-3.2719107678952	9.1964856383012
-1.5249077884036	7.5551458103223
-2.3157323036998	7.5894569149037
-0.9060555154014	8.3472231371605
-0.73408327310731	7.5208347057408
-1.0780277576954	9.1736115685803
-6.955280089741	-1.5673530044796
-6.4271526828255	-1.2591635917887
-6.9620889883073	-1.1294686917546
-6.4954458798962	-2.0815137424566
-6.9484711911748	-2.0052373172046
-5.589395257339	-2.2340665929608
-5.9673184729807	-1.7733243297657
-6.0424205686176	-2.1577901677087
-5.357280071862	-1.5185533918568
-5.8922163773438	-1.3888584918227
-4.2327625310119	-2.445676824341
-4.4847156816561	-2.1919159102727
-4.9110788941754	-2.3398717086509
-4.6591257435312	-2.5936326227192
-4.5719207125937	-2.392774266496
-4.0775875103373	-2.148558941447
-4.3103056197809	-1.7901991978262
-4.7174337910997	-1.8335561666519
-4.3975106507185	-1.9910575540495
-4.9309168593427	-1.3705975934786
-5.143797003619	-1.9815119650301
-5.0373569314809	-1.6760547792544
-5.3566771478954	-2.5924263365816
-5.2502370757572	-2.2869691508059
0.079487162809561	-0.78766097625435
-0.21898902548161	-0.64188856508893
-0.27491577770608	-0.9072354882383
0.023560410585083	-1.0530078994037
-0.097714307448261	-0.84744823224633
-0.17863248419853	-0.36511776131897
-0.50189500283137	-0.50754003454411
-0.34026374351495	-0.43632889793154
-0.55782175505585	-0.77288695769347
-0.6635262621478	-0.57875117115667
-0.34641274087196	-1.1611585307671
-0.4521172479639	-0.96702274423027
-0.44765702917907	-2.0292458639829
-0.69638833453084	-2.2137318761766
-0.59491269189609	-2.5546070380733
-0.34618138654433	-2.3701210258796
-0.52128486053758	-2.2919264510281
-0.77460413227365	-1.9884170626235
-1.0465952825173	-2.0573427264735
-0.96837948477453	-2.2826575400266
-0.87149180852409	-2.1355373013251
-1.2636304799102	-2.2360228555329
-1.1621548372754	-2.5768980174296
-0.86690384213978	-2.6235327019233
-1.065267161025	-2.4297777787281
-0.7421683546131	-3.0799682121637
-0.47017720436941	-3.0110425483137
-0.6685405232546	-2.8172876251185
3.3900600980376	4.1504868708869
3.5849705708204	4.5069541841742
3.3253085453431	4.9064640655432
3.3576843216903	4.528475468215
3.761102622628	4.1079039940844
4.0395430690805	4.4639116160925
3.8634110172728	4.8629618061823
3.8122568199504	4.4854329001333
4.2253814373949	5.2185097369113
3.6037489917955	5.2624716875513
3.9145652145952	5.2404907122313
3.2929327689959	5.2844526628713
-1.8475554564094	-3.0109608995436
-1.645233013193	-2.6856312373173
-1.9259887458942	-2.4690347949787
-1.8867721011518	-2.7399978472612
-1.7691221669246	-3.5528870041086
-1.4529486593157	-3.2146053719386
-1.808338811667	-3.2819239518261
-0.9444907978295	-3.40529787439
-1.2506262160993	-2.8892757097123
-1.0975585069644	-3.1472867920512
-1.5567616343691	-2.3732535450347
-1.4036939252342	-2.6312646273735
-2.801743872484	2.0078872312973
-2.5665875373585	1.5122113714121
-2.1058485678812	1.6479470680935
-2.4537962201826	1.8279171496954
-3.0119056678036	1.3097855292214
-2.346852041265	1.0832256570363
-2.6793788545343	1.1965055931289
-1.6817984147263	0.85666578485121
-1.8861130717878	1.2189613537177
-2.0143252279957	0.96994572094376
-1.4099532632785	1.2880069048897
-1.7579009155799	1.4679769864916
1.3467512870737	-4.4120656675394
0.93429069523303	-4.8315079118786
1.5639980024697	-5.0102942941907
0.91225785628188	-3.2156084142368
0.59861703158475	-3.7799960012938
1.1295045716778	-3.8138370408881
-0.050697456760673	-3.2928716777661
-0.46315804860138	-3.7123139221052
0.18615643974404	-4.199438245633
0.067729491491685	-3.7461549616995
-0.32512391924023	-4.4739351472543
0.3045833879964	-4.6527215295664
-1.4919879740832	-4.8654623289416
-1.9733207233113	-4.5584462812263
-2.0754200015046	-5.0612259197852
-0.9205342303843	-4.2482317835286
-0.9085559466617	-4.6696987380979
-1.4018669796124	-3.9412157358134
-0.9325125141069	-3.8267648289593
-1.8712214451179	-4.0556666426675
-1.7959546301637	-2.258634924076
-1.9935932834114	-2.1461769887214
-1.9597910146528	-2.3076058918501
-1.4682818611855	-2.1606929885278
-1.7074748569801	-2.0460743675691
-1.6321182456746	-2.2096639563019
-1.6605494263433	-1.8313531254581
-1.858188079591	-1.7188951901035
-1.9051135102277	-1.9336164322145
-1.7828314682855	-1.8824847788363
-2.0611978209285	-1.8233191824641
-2.0273955521699	-1.9847480855927
-1.8115486635966	-0.19877344389694
-1.5678907269938	-0.022400758412125
-1.7062160996899	0.17414422344743
-1.7588823816433	-0.012314610224755
-1.4467958876426	-0.1630476163698
-1.1859074176948	-0.042573054786865
-1.3070022570459	0.098073803170812
-1.3768990723443	-0.032486906599495
-1.0288832537531	0.16265024085187
-1.1672086264493	0.35919522271143
-1.4453276297421	0.29461878503037
-1.2371054417476	0.22863451294112
-1.6008835357833	0.5470618907918
-1.6535498177366	0.36060305711962
-3.4550849393302	1.7701766294042
-4.0581714689076	1.4005893488297
-3.614992197381	0.94019824864683
-3.5350385683556	1.3551874390255
-3.9485187481257	2.3624444082686
-3.3751313103048	2.1851658197829
-4.5516052777031	1.992857127694
-4.5219061859466	2.5397229967543
-4.6110034612161	0.89912538957351
-4.5813043694596	1.4459912586338
-3.9542095787354	0.62552976236555
-3.4344651492154	0.37850094755971
-3.5247286732982	0.65934959810327
-4.1563775071293	0.28429446368214
-4.3836904841727	0.59170992662782
-3.6366330776092	0.037265648876301
-3.9290645300859	-0.023120999263549
-3.3442016251326	0.097652297016152
-6.9409709937171	-5.8229337952145
-6.572511208422	-5.0221664364174
-7.7919936355497	-5.2918992902608
-5.1454685157364	-6.0230401680117
-6.0899483518844	-6.3539683001682
-4.7770087304414	-5.2222728092146
-4.2009886795885	-5.6921120358552
-5.3530287812943	-4.7524335825741
-3.591993681332	-2.5661264105197
-3.4724633243946	-2.7440588836905
-3.2632553340988	-2.6155582294536
-3.4276245077154	-2.5908423199867
-3.6728304253849	-2.833467793784
-3.3617738567629	-2.9610831010047
-3.5173021410739	-2.8972754473943
-3.152565866467	-2.8325824467678
-3.2062455724519	-3.024890754615
-3.0988861604822	-2.6402741389206
-9.3559427611702	1.962264318342
-8.6816308611463	2.270588015411
-9.3408154305731	3.0102940077086
-8.7421401835344	0.57846925793959
-9.3710700917672	0.91423462897542
-8.0678282835105	0.88679295500859
-8.1132102753015	0.24270388690413
-8.0224462917194	1.530882023113
-3.7843005431187	-2.7328357519642
-3.9388022116546	-2.8921387314959
-3.8058163185198	-2.86280326264
-3.7412689923164	-2.4729007306127
-3.9335758541031	-2.6396100720572
-3.7627847677175	-2.6028682412885
-4.1206563583383	-2.5537907540629
-4.2751580268742	-2.7130937335946
-4.0880775226391	-2.7989130515889
-4.1043669404887	-2.6763519028259
-4.2047739979243	-2.9508096692079
-4.0717881047895	-2.9214742003519
7.8074798764122	-0.81940081158393
8.5091029003068	-0.42914448639718
7.7636543504601	-0.018716729590511
8.5675369349095	-2.3300565957205
7.8513054023642	-1.6200848935773
9.2691599588041	-1.9398002705338
9.2837684674547	-3.0400282978634
9.2545514501534	-0.83957224320421
-4.228484661259	-1.0550366413457
-4.0496770246928	-1.0274444349311
-4.0279982532018	-0.81190053801086
-4.1282414572304	-0.93346858967827
-4.084410463755	-1.1959336166026
-3.8925481596176	-1.2153961254367
-3.8578147205554	-1.0469069437652
-3.9711125921552	-1.1214202801839
-3.6528977488468	-1.113424167848
-3.8361359490643	-0.83136304684497
-3.7445168489556	-0.97239360734649
-3.9277550491731	-0.69033248634344
2.0335854494361	5.6613778943732
1.3255052510779	5.9023894078032
1.6538862954806	5.4573729692464
2.2271629048129	6.270212074664
2.4132846033917	5.8653828194999
1.5190827064547	6.5112235880941
2.0410412062341	6.6750413298281
0.99712420667528	6.34740584636
4.3573518442127	1.6177215598111
4.0756752471154	1.6874039697885
4.0235200509802	1.5214134264776
4.1904359475964	1.5695674931443
4.1191172814042	1.8725738532704
3.8027118118646	1.7379070395948
3.9609145466344	1.8052404464326
3.486306342325	1.6032402259192
3.7505566157294	1.5719164962839
3.6445090770948	1.670573632757
3.6896882577476	1.425105293144
3.8566041543639	1.4732593598108
2.1732135745061	3.6809323996446
1.8307845856852	3.4930655634502
2.0827201905937	3.1683595292806
2.1279668825499	3.4246459644626
1.988286367601	4.0921926442353
2.2184602664623	3.9372188348266
1.6458573787801	3.9043258080409
1.7581124687397	4.247166453644
1.4213471988609	3.2186445168346
1.5336022888205	3.5614851624377
-4.8486319709074	-2.8339129570205
-4.4646642542503	-2.9533740678959
-4.5618949988908	-2.7735033453075
-4.9140607379525	-3.1962188008851
-5.1353689429239	-2.8943225687334
-4.5300930212954	-3.3156799117606
-4.692752532981	-3.4981150330369
-4.3674335096099	-3.1332447904842
1.6859314094333	2.6243136782219
1.848890640572	2.9166176709832
1.5536393041471	2.9214790975282
1.9505156200057	2.0299828396091
2.0426045322614	2.3628489668342
1.8182235147195	2.3271482589155
2.3284073362064	2.1419463899104
2.2055637634001	2.6551529595955
2.2669855498033	2.398549674753
2.1441419769969	2.9117562444381
0.90260879129562	-0.5486440934358
0.51583430739449	-0.37995785045442
0.49104797705238	-0.66815253484518
0.87782246095351	-0.83683877782657
0.696828384174	-0.60839831414049
0.5059978022199	-0.080317261917919
0.16368265901005	-0.22271751161877
0.33484023061497	-0.15151738676834
0.13889632866836	-0.51091219600932
-0.0074749125942388	-0.29391763646887
0.43163881119357	-0.94490131509022
0.28526756993097	-0.72790675554977
2.8769473573714	2.0465411618919
3.0937629049481	1.9201360437034
3.0252597420386	2.0725117578633
2.5803225880369	1.9945999699492
2.7934489561607	1.834226531126
2.7286349727041	2.0205705659206
2.7062613754972	1.5879435797255
3.0102645037375	1.7078214129375
2.8582629396173	1.6478824963315
3.1622660678576	1.7677603295435
2.3810192156772	1.4445680767653
2.1291039638467	1.5919144967265
2.2183981357671	1.3728803252851
2.4718959757936	1.7248193488004
2.5436402955872	1.5162558282454
2.2199807239631	1.8721657687616
2.400151656	1.9333828693554
2.0398097919262	1.8109486681678
-1.2452184878683	0.62424744675045
-1.3261333668114	0.93385134080987
-1.4635084512973	0.74045661580083
-0.80863856101031	0.39182910864969
-0.88664842242933	0.65688133268872
-1.0269285244393	0.50803827770007
-0.5251733394663	0.6449635486066
-0.9675633013724	0.96648522674813
-0.74636832041935	0.80572438767737
-1.1887582823255	1.1272460658189
-3.8712989295727	-2.3465477682919
-3.9834051022463	-2.23843383857
-4.0520307302923	-2.3961122963165
-3.6398652653896	-2.1210657499221
-3.690567128853	-2.2969832402674
-3.7519714380633	-2.0129518202002
-3.5891634019263	-1.9451482595768
-3.9147794742003	-2.0807553808236
-4.5045703202981	-1.4666700789828
-4.5797007603009	-1.2128171174121
-4.7553088098218	-1.2917073554454
-4.0030933412508	-1.8165955260578
-4.197358041768	-1.4930664072144
-4.2538318307744	-1.6416328025203
-4.0092800237523	-1.4497865781733
-4.2724884817707	-1.2392134456437
-4.1408842527615	-1.3445000119085
-4.4040927107799	-1.1339268793789
-0.21065746960021	0.61710961489905
0.12681402259087	0.55646437137325
0.12956107584421	0.82151426845637
-0.040548196878	0.71931194167771
0.13490904858796	0.30826730752703
0.45344343553154	0.47896629461053
0.29417624205975	0.39361680106878
0.45619048878488	0.74401619169365
0.61271062900333	0.56431578815227
0.29967034856642	0.92371659523503
-3.7124115077895	-1.6757179212763
-3.8693510028859	-1.5692365242569
-3.8577524245201	-1.746156723667
-3.5956796436548	-1.4413274685397
-3.5670705910588	-1.6052791188856
-3.7526191387513	-1.3348460715203
-3.6242886962508	-1.2773758181939
-3.8809495812518	-1.3923163248468
3.4692545209	1.423210591291
3.4873060741852	1.2291418653456
3.5884971659664	1.3271235792448
3.2137174093421	1.4353549807554
3.3500118758335	1.5192976033373
3.2317689626273	1.2412862548099
3.0774229428506	1.3514123581734
3.386114982404	1.1311601514464
4.639758733787	4.5700716444654
4.6607416494635	3.9889867783845
5.0541360301792	3.9216335520196
4.8469473819831	4.2458525982425
4.3085553853129	4.5571360437961
4.432570085591	4.8942906906884
4.0605259847569	3.8828267500116
4.3295383009894	3.9760511777152
4.1845406850349	4.2199813969038
4.2883301844242	3.4752551386685
4.6195335328983	3.4881907393379
4.4745359169438	3.7321209585265
0.68417879173495	-2.5770914748878
0.37541981454914	-2.9345808124794
0.79821832400841	-2.8963499445623
0.45609972718802	-1.9385745355387
0.26469904412621	-2.2952623454354
0.57013925946148	-2.2578330052133
-0.037422409358518	-2.012631688288
-0.044059933059595	-2.652751683027
-0.040741171209057	-2.3326916856575
-0.047378694910134	-2.9728116803966
0.57928234317436	-1.6758926153036
0.23983006888655	-1.4957912174712
0.1166474529002	-1.7584731377064
0.34796489803728	-1.717182876505
0.33212543860052	-1.2245859275826
-0.068734959128891	-1.3242131892924
0.13169523973582	-1.2743995584375
-0.4695953568583	-1.4238404510022
-0.19191757511524	-1.5868951095275
-0.2691651579936	-1.3740268201473
-0.34598743737396	-1.8410536601091
-0.11466999223688	-1.7997633989078
-1.2341206877399	-1.996397007105
-1.4387720690153	-1.9210671400998
-1.3512012744627	-2.0785449978164
-0.99995951429438	-1.8321010256821
-1.187484919517	-1.7711553063136
-1.1170401010172	-1.9142490163936
-1.1237231752412	-1.5602977531587
-1.3283745565166	-1.4849678861536
-1.3921363007923	-1.6958254393084
-1.2579297380168	-1.6280615962336
-1.6139136581204	-1.6061114246667
-1.5263428635678	-1.7635892823833
-0.57130388402905	-1.6483851390219
-0.67297347583417	-1.8365773428956
-0.50948045660406	-1.8388155015024
-0.79665926604977	-1.4920691020805
-0.63312731145404	-1.4579547765413
-0.89832885785489	-1.6802613059543
-0.96019122064551	-1.5261834276196
-0.83646649506427	-1.8343391842889
-2.054555417619	-1.2243631061751
-1.806956829063	-1.3030557123348
-1.7524014114495	-1.0786926061625
-1.9034784145343	-1.1515278561688
-1.8559739451545	-1.5192431646739
-1.5648965420288	-1.3899239723276
-1.7104352435917	-1.4545835685007
-1.5103411244153	-1.1655608661553
-1.419357840466	-1.3252643761545
-1.6013244083647	-1.0058573561562
3.9588983208544	3.6479561259169
3.8272621555109	3.3607092449977
4.1566940190807	3.1880082577493
4.0577961699676	3.4179821918331
3.6594749587255	3.8730333699896
3.8600004717412	3.8779300600006
3.5278387933821	3.5857864890704
3.4589494457098	3.8681366799787
3.6656174887265	3.021086107254
3.5967281410543	3.3034362981622
-0.78970145576238	0.16048487804061
-0.48124235743358	0.15745301586064
-0.50017946268151	0.38879724646972
-0.64494045922194	0.27464106225517
-0.4683620237225	-0.049069143220653
-0.16672648756791	0.12959908215287
-0.31754425564521	0.040264969466108
-0.18566359281542	0.36094331276217
-0.015908719489977	0.21893319483995
-0.35541846614086	0.50295343068439
4.846686471576	3.4085999644769
5.0594957723587	3.1874744529794
5.2669453309619	3.7005080405221
5.0568159012689	3.5545540024995
4.4264276121901	3.1166918884318
4.6535805508678	3.0371011135709
4.636557041883	3.2626459264544
4.4748182680545	2.8071369993015
4.6876275688373	2.586011487804
4.8663898516505	2.8159756020734
4.6706040598525	2.8115563006874
5.0648555145383	2.4533153539393
5.2579614352465	2.8248142048454
5.0621756434485	2.8203949034594
2.652276542378	-0.16958752177001
2.3385106147261	-0.0054998737326152
2.3604423227165	-0.19426096658164
2.8347193042743	0.056695198802778
2.9441107620395	-0.14491407695838
2.5209533766224	0.22078284684017
2.7253278465092	0.25830447456393
2.3165789067357	0.18326121911641
-2.3382912181585	-1.5655057450791
-2.336077083722	-1.3658537196495
-2.4768379167735	-1.4365990263867
-2.0851543280805	-1.6360226974057
-2.1997445195435	-1.6944124637716
-2.082940193644	-1.436370671976
-1.9705641366175	-1.5776329310398
-2.1953162506705	-1.2951084129123
3.8951854438616	2.592087997969
3.9957435149261	2.9099553312183
3.7804014662941	2.8065870526115
4.1247533989967	2.1630898886841
4.1649190369709	2.5207716286515
4.0099694214292	2.3775889433265
4.3742601969901	2.4892696660522
4.2654771080354	2.8386389619008
4.3198686525127	2.6639543139765
4.2110855635581	3.0133236098251
4.3977363075283	1.9387766351235
4.4033724251208	2.2292926705372
4.2612448532625	2.0509332619038
4.6707192160599	1.7144633815629
4.7111036793755	2.0355184568752
4.5342277617941	1.8266200083432
5.0592193969458	2.1627993185256
4.7167397969679	2.3260344922889
4.8879795969569	2.2444169054073
4.545499996979	2.4076520791706
-1.92950895665	-0.80767380929471
-2.1361994531998	-0.79193926154058
-2.0680997266027	-0.89596963077168
-1.6523274167447	-0.63108216634077
-1.8895286810806	-0.59260212947843
-1.7909181866973	-0.71937798781774
-1.8800591732973	-0.35478496055393
-2.0962191776304	-0.5768675817243
-1.9881391754638	-0.46582627113911
-2.204299179797	-0.68790889230949
1.2897833963994	-0.056020026138733
1.3342427370907	-0.36710651882096
1.5500597099882	-0.27633773151355
0.85500398928035	0.08275936551808
1.0295070828106	0.16429767923608
0.89946332997163	-0.22832712716415
0.68050089575013	0.0012210518000809
1.1184257641931	-0.45787530612838
0.66017862739713	-1.3784670879085
0.75969199999018	-1.0987824754161
0.54590871929535	-1.1616842014993
0.96961472782346	-1.5146073333315
0.77444853549891	-1.5952499743176
1.0691281004165	-1.2349227208392
1.164780920148	-1.4339646923455
0.97347528068501	-1.0358807493329
-0.74521085765071	-0.034059494961138
-0.7383872954765	-0.21575958251463
-0.6033746595995	-0.13241436286764
-0.98439265564147	-0.031894132149875
-0.88704705570192	0.064295372945366
-1.1790838555206	-0.22427314234036
-0.97756909346726	-0.21359421970337
-1.081738255581	-0.12808363724512
-1.0084125672305	-0.38245002180861
-0.8733999313535	-0.29910480216162
-1.5980820241096	-0.44554056810413
-1.5295715144089	-0.28952905144714
-1.7048153438531	-0.32215700600054
-1.3303699919876	-0.50676609407469
-1.4913487043661	-0.56892413020773
-1.2618594822869	-0.3507545774177
-1.169391279609	-0.44460805794165
-1.3543276849647	-0.25690109689375
5.5843452738362	0.99148413171839
4.9635196137377	1.1034022008534
5.1099198125766	0.79787161049872
6.5331961963553	1.3787091741577
5.7255869557124	1.5109975414673
6.0587707350957	1.1850966529381
5.6800450570443	2.0508812493906
5.104761295614	1.6229156106023
5.3924031763291	1.8368984299965
4.8171194148988	1.4089327912082
6.2947648589467	3.7410586161334
6.7168484807445	2.9671256606786
6.8086746229391	3.761333903939
5.7472517489843	3.1641493020153
5.7808550949543	3.7207833283277
6.1693353707821	2.3902163465606
5.7136484030143	2.607515275703
6.6250223385499	2.1729174174182
-3.8461538461543	-1.9230769230772
-3.6923076923086	-1.8461538461543
-3.5384615384629	-1.7692307692314
-3.3846153846171	-1.6923076923085
-3.2307692307713	-1.6153846153857
-3.0769230769256	-1.5384615384628
-2.9230769230798	-1.4615384615399
-2.7692307692342	-1.3846153846171
-2.6153846153885	-1.3076923076942
-2.4615384615427	-1.2307692307714
-2.307692307697	-1.1538461538485
-2.1538461538513	-1.0769230769256
-2.0000000000056	-1.0000000000028
-1.8461538461598	-0.92307692307991
-1.6923076923141	-0.84615384615705
-1.5384615384684	-0.76923076923419
-1.3846153846226	-0.69230769231132
-1.2307692307769	-0.61538461538846
-1.0769230769312	-0.5384615384656
-0.92307692308547	-0.46153846154274
-0.76923076923975	-0.38461538461987
-0.61538461539402	-0.30769230769701
-0.46153846154829	-0.23076923077415
-0.30769230770257	-0.15384615385128
-0.15384615385684	-0.076923076928421
-1.1116441100967e-11	-5.5582205504834e-12
0.15384615383546	0.076923076917732
0.30769230768204	0.15384615384102
0.46153846152863	0.23076923076431
0.61538461537521	0.3076923076876
0.76923076922179	0.38461538461089
0.92307692306837	0.46153846153418
1.0769230769149	0.53846153845747
1.2307692307615	0.61538461538076
1.3846153846081	0.69230769230406
1.5384615384547	0.76923076922735
1.6923076923013	0.84615384615064
1.8461538461479	0.92307692307393
1.9999999999944	0.99999999999722
2.153846153841	1.0769230769205
2.3076923076876	1.1538461538438
2.4615384615342	1.2307692307671
2.6153846153808	1.3076923076904
2.7692307692273	1.3846153846137
2.9230769230739	1.461538461537
3.0769230769205	1.5384615384603
3.2307692307671	1.6153846153835
3.3846153846137	1.6923076923068
3.5384615384603	1.7692307692301
3.6923076923068	1.8461538461534
3.8461538461534	1.9230769230767
4	119	520	524	523
4	520	208	521	524
4	524	521	212	522
4	523	524	522	211
4	208	525	528	521
4	525	165	526	528
4	528	526	209	527
4	521	528	527	212
4	212	527	532	531
4	527	209	529	532
4	532	529	120	530
4	531	532	530	210
4	211	522	535	534
4	522	212	531	535
4	535	531	210	533
4	534	535	533	118
4	121	536	540	539
4	536	213	537	540
4	540	537	217	538
4	539	540	538	216
4	213	541	544	537
4	541	122	542	544
4	544	542	214	543
4	537	544	543	217
4	217	543	548	547
4	543	214	545	548
4	548	545	25	546
4	547	548	546	215
4	216	538	551	550
4	538	217	547	551
4	551	547	215	549
4	550	551	549	123
4	129	552	556	555
4	552	218	553	556
4	556	553	221	554
4	555	556	554	220
4	218	557	560	553
4	557	130	558	560
4	560	558	219	559
4	553	560	559	221
4	221	559	563	562
4	559	219	561	563
4	563	561	102	101
4	562	563	101	100
4	220	554	565	564
4	554	221	562	565
4	565	562	100	99
4	564	565	99	98
4	142	566	570	569
4	566	222	567	570
4	570	567	225	568
4	569	570	568	224
4	222	571	574	567
4	571	143	572	574
4	574	572	223	573
4	567	574	573	225
4	225	573	577	576
4	573	223	575	577
4	577	575	1841	1842
4	576	577	1842	1843
4	224	568	579	578
4	568	225	576	579
4	579	576	1843	1844
4	578	579	1844	1845
4	146	580	584	583
4	580	226	581	584
4	584	581	229	582
4	583	584	582	228
4	226	585	588	581
4	585	147	586	588
4	588	586	227	587
4	581	588	587	229
4	229	587	591	590
4	587	227	589	591
4	591	589	1857	1858
4	590	591	1858	1859
4	228	582	593	592
4	582	229	590	593
4	593	590	1859	1860
4	592	593	1860	6
4	133	594	598	597
4	594	230	595	598
4	598	595	234	596
4	597	598	596	233
4	230	599	602	595
4	599	134	600	602
4	602	600	231	601
4	595	602	601	234
4	234	601	606	605
4	601	231	603	606
4	606	603	154	604
4	605	606	604	232
4	233	596	609	608
4	596	234	605	609
4	609	605	232	607
4	608	609	607	132
4	153	610	614	613
4	610	235	611	614
4	614	611	239	612
4	613	614	612	238
4	235	615	618	611
4	615	155	616	618
4	618	616	236	617
4	611	618	617	239
4	239	617	622	621
4	617	236	619	622
4	622	619	33	620
4	621	622	620	237
4	238	612	625	624
4	612	239	621	625
4	625	621	237	623
4	624	625	623	150
4	146	626	630	629
4	626	240	627	630
4	630	627	244	628
4	629	630	628	243
4	240	631	634	627
4	631	161	632	634
4	634	632	241	633
4	627	634	633	244
4	244	633	638	637
4	633	241	635	638
4	638	635	163	636
4	637	638	636	242
4	243	628	641	640
4	628	244	637	641
4	641	637	242	639
4	640	641	639	162
4	169	642	646	645
4	642	245	643	646
4	646	643	249	644
4	645	646	644	248
4	245	647	650	643
4	647	172	648	650
4	650	648	246	649
4	643	650	649	249
4	249	649	654	653
4	649	246	651	654
4	654	651	137	652
4	653	654	652	247
4	248	644	657	656
4	644	249	653	657
4	657	653	247	655
4	656	657	655	10
4	140	658	662	661
4	658	250	659	662
4	662	659	254	660
4	661	662	660	253
4	250	663	666	659
4	663	139	664	666
4	666	664	251	665
4	659	666	665	254
4	254	665	670	669
4	665	251	667	670
4	670	667	179	668
4	669	670	668	252
4	253	660	673	672
4	660	254	669	673
4	673	669	252	671
4	672	673	671	173
4	139	663	677	676
4	663	250	674	677
4	677	674	258	675
4	676	677	675	257
4	250	658	680	674
4	658	140	678	680
4	680	678	255	679
4	674	680	679	258
4	258	679	684	683
4	679	255	681	684
4	684	681	122	682
4	683	684	682	256
4	257	675	687	686
4	675	258	683	687
4	687	683	256	685
4	686	687	685	141
4	122	681	690	542
4	681	255	688	690
4	690	688	261	689
4	542	690	689	214
4	255	678	693	688
4	678	140	691	693
4	693	691	259	692
4	688	693	692	261
4	261	692	697	696
4	692	259	694	697
4	697	694	182	695
4	696	697	695	260
4	214	689	699	545
4	689	261	696	699
4	699	696	260	698
4	545	699	698	25
4	44	700	704	703
4	700	262	701	704
4	704	701	266	702
4	703	704	702	265
4	262	705	708	701
4	705	181	706	708
4	708	706	263	707
4	701	708	707	266
4	266	707	712	711
4	707	263	709	712
4	712	709	151	710
4	711	712	710	264
4	265	702	715	714
4	702	266	711	715
4	715	711	264	713
4	714	715	713	148
4	132	607	719	718
4	607	232	716	719
4	719	716	270	717
4	718	719	717	269
4	232	604	722	716
4	604	154	720	722
4	722	720	267	721
4	716	722	721	270
4	270	721	726	725
4	721	267	723	726
4	726	723	55	724
4	725	726	724	268
4	269	717	729	728
4	717	270	725	729
4	729	725	268	727
4	728	729	727	138
4	181	730	734	733
4	730	271	731	734
4	734	731	274	732
4	733	734	732	273
4	271	735	738	731
4	735	186	736	738
4	738	736	272	737
4	731	738	737	274
4	274	737	741	740
4	737	272	739	741
4	741	739	55	723
4	740	741	723	267
4	273	732	743	742
4	732	274	740	743
4	743	740	267	720
4	742	743	720	154
4	140	661	746	691
4	661	253	744	746
4	746	744	277	745
4	691	746	745	259
4	253	672	749	744
4	672	173	747	749
4	749	747	275	748
4	744	749	748	277
4	277	748	753	752
4	748	275	750	753
4	753	750	18	751
4	752	753	751	276
4	259	745	755	694
4	745	277	752	755
4	755	752	276	754
4	694	755	754	182
4	142	756	759	566
4	756	278	757	759
4	759	757	281	758
4	566	759	758	222
4	278	760	763	757
4	760	188	761	763
4	763	761	279	762
4	757	763	762	281
4	281	762	767	766
4	762	279	764	767
4	767	764	185	765
4	766	767	765	280
4	222	758	769	571
4	758	281	766	769
4	769	766	280	768
4	571	769	768	143
4	185	770	773	765
4	770	282	771	773
4	773	771	285	772
4	765	773	772	280
4	282	774	777	771
4	774	197	775	777
4	777	775	283	776
4	771	777	776	285
4	285	776	781	780
4	776	283	778	781
4	781	778	156	779
4	780	781	779	284
4	280	772	783	768
4	772	285	780	783
4	783	780	284	782
4	768	783	782	143
4	169	645	787	786
4	645	248	784	787
4	787	784	289	785
4	786	787	785	288
4	248	656	790	784
4	656	10	788	790
4	790	788	286	789
4	784	790	789	289
4	289	789	794	793
4	789	286	791	794
4	794	791	187	792
4	793	794	792	287
4	288	785	797	796
4	785	289	793	797
4	797	793	287	795
4	796	797	795	170
4	126	798	802	801
4	798	290	799	802
4	802	799	294	800
4	801	802	800	293
4	290	803	806	799
4	803	131	804	806
4	806	804	291	805
4	799	806	805	294
4	294	805	810	809
4	805	291	807	810
4	810	807	119	808
4	809	810	808	292
4	293	800	813	812
4	800	294	809	813
4	813	809	292	811
4	812	813	811	127
4	48	49	817	816
4	49	50	814	817
4	817	814	296	815
4	816	817	815	295
4	50	51	819	814
4	51	4	52	819
4	819	52	53	818
4	814	819	818	296
4	296	818	821	820
4	818	53	54	821
4	821	54	55	739
4	820	821	739	272
4	295	815	823	822
4	815	296	820	823
4	823	820	272	736
4	822	823	736	186
4	25	698	826	24
4	698	260	824	826
4	826	824	297	825
4	24	826	825	23
4	260	695	828	824
4	695	182	754	828
4	828	754	276	827
4	824	828	827	297
4	297	827	830	829
4	827	276	751	830
4	830	751	18	19
4	829	830	19	20
4	23	825	831	22
4	825	297	829	831
4	831	829	20	21
4	22	831	21	2
4	164	832	836	835
4	832	298	833	836
4	836	833	301	834
4	835	836	834	300
4	298	837	839	833
4	837	86	85	839
4	839	85	84	838
4	833	839	838	301
4	301	838	842	841
4	838	84	83	842
4	842	83	82	840
4	841	842	840	299
4	300	834	845	844
4	834	301	841	845
4	845	841	299	843
4	844	845	843	193
4	63	64	849	848
4	64	65	846	849
4	849	846	303	847
4	848	849	847	302
4	65	66	851	846
4	66	1	7	851
4	851	7	8	850
4	846	851	850	303
4	303	850	853	852
4	850	8	9	853
4	853	9	10	655
4	852	853	655	247
4	302	847	855	854
4	847	303	852	855
4	855	852	247	652
4	854	855	652	137
4	179	667	859	858
4	667	251	856	859
4	859	856	307	857
4	858	859	857	306
4	251	664	862	856
4	664	139	860	862
4	862	860	304	861
4	856	862	861	307
4	307	861	866	865
4	861	304	863	866
4	866	863	198	864
4	865	866	864	305
4	306	857	869	868
4	857	307	865	869
4	869	865	305	867
4	868	869	867	192
4	118	533	873	872
4	533	210	870	873
4	873	870	310	871
4	872	873	871	309
4	210	530	876	870
4	530	120	874	876
4	876	874	308	875
4	870	876	875	310
4	310	875	879	878
4	875	308	877	879
4	879	877	1813	1814
4	878	879	1814	1815
4	309	871	881	880
4	871	310	878	881
4	881	878	1815	1816
4	880	881	1816	1817
4	146	629	884	580
4	629	243	882	884
4	884	882	313	883
4	580	884	883	226
4	243	640	887	882
4	640	162	885	887
4	887	885	311	886
4	882	887	886	313
4	313	886	891	890
4	886	311	888	891
4	891	888	199	889
4	890	891	889	312
4	226	883	893	585
4	883	313	890	893
4	893	890	312	892
4	585	893	892	147
4	132	894	897	608
4	894	314	895	897
4	897	895	317	896
4	608	897	896	233
4	314	898	901	895
4	898	135	899	901
4	901	899	315	900
4	895	901	900	317
4	317	900	905	904
4	900	315	902	905
4	905	902	200	903
4	904	905	903	316
4	233	896	907	597
4	896	317	904	907
4	907	904	316	906
4	597	907	906	133
4	135	898	911	910
4	898	314	908	911
4	911	908	320	909
4	910	911	909	319
4	314	894	913	908
4	894	132	718	913
4	913	718	269	912
4	908	913	912	320
4	320	912	916	915
4	912	269	728	916
4	916	728	138	914
4	915	916	914	318
4	319	909	919	918
4	909	320	915	919
4	919	915	318	917
4	918	919	917	136
4	175	920	924	923
4	920	321	921	924
4	924	921	325	922
4	923	924	922	324
4	321	925	928	921
4	925	178	926	928
4	928	926	322	927
4	921	928	927	325
4	325	927	932	931
4	927	322	929	932
4	932	929	149	930
4	931	932	930	323
4	324	922	935	934
4	922	325	931	935
4	935	931	323	933
4	934	935	933	176
4	145	936	940	939
4	936	326	937	940
4	940	937	330	938
4	939	940	938	329
4	326	941	944	937
4	941	144	942	944
4	944	942	327	943
4	937	944	943	330
4	330	943	948	947
4	943	327	945	948
4	948	945	202	946
4	947	948	946	328
4	329	938	951	950
4	938	330	947	951
4	951	947	328	949
4	950	951	949	135
4	1845	1846	954	578
4	1846	1847	952	954
4	954	952	333	953
4	578	954	953	224
4	1847	1848	957	952
4	1848	1849	955	957
4	957	955	331	956
4	952	957	956	333
4	333	956	961	960
4	956	331	958	961
4	961	958	128	959
4	960	961	959	332
4	224	953	963	569
4	953	333	960	963
4	963	960	332	962
4	569	963	962	142
4	127	811	967	966
4	811	292	964	967
4	967	964	336	965
4	966	967	965	335
4	292	808	969	964
4	808	119	523	969
4	969	523	211	968
4	964	969	968	336
4	336	968	972	971
4	968	211	534	972
4	972	534	118	970
4	971	972	970	334
4	335	965	975	974
4	965	336	971	975
4	975	971	334	973
4	974	975	973	124
4	1817	1818	978	880
4	1818	1819	976	978
4	978	976	338	977
4	880	978	977	309
4	1819	1820	981	976
4	1820	1821	979	981
4	981	979	337	980
4	976	981	980	338
4	338	980	984	983
4	980	337	982	984
4	984	982	124	973
4	983	984	973	334
4	309	977	985	872
4	977	338	983	985
4	985	983	334	970
4	872	985	970	118
4	102	561	988	103
4	561	219	986	988
4	988	986	341	987
4	103	988	987	104
4	219	558	991	986
4	558	130	989	991
4	991	989	339	990
4	986	991	990	341
4	341	990	995	994
4	990	339	992	995
4	995	992	204	993
4	994	995	993	340
4	104	987	997	105
4	987	341	994	997
4	997	994	340	996
4	105	997	996	106
4	128	998	1001	959
4	998	342	999	1001
4	1001	999	344	1000
4	959	1001	1000	332
4	342	1002	1005	999
4	1002	198	1003	1005
4	1005	1003	343	1004
4	999	1005	1004	344
4	344	1004	1008	1007
4	1004	343	1006	1008
4	1008	1006	188	760
4	1007	1008	760	278
4	332	1000	1009	962
4	1000	344	1007	1009
4	1009	1007	278	756
4	962	1009	756	142
4	155	1010	1013	616
4	1010	345	1011	1013
4	1013	1011	347	1012
4	616	1013	1012	236
4	345	1014	1017	1011
4	1014	160	1015	1017
4	1017	1015	346	1016
4	1011	1017	1016	347
4	347	1016	1020	1019
4	1016	346	1018	1020
4	1020	1018	29	30
4	1019	1020	30	31
4	236	1012	1021	619
4	1012	347	1019	1021
4	1021	1019	31	32
4	619	1021	32	33
4	189	1022	1026	1025
4	1022	348	1023	1026
4	1026	1023	351	1024
4	1025	1026	1024	350
4	348	1027	1029	1023
4	1027	121	539	1029
4	1029	539	216	1028
4	1023	1029	1028	351
4	351	1028	1032	1031
4	1028	216	550	1032
4	1032	550	123	1030
4	1031	1032	1030	349
4	350	1024	1035	1034
4	1024	351	1031	1035
4	1035	1031	349	1033
4	1034	1035	1033	160
4	129	1036	1040	1039
4	1036	352	1037	1040
4	1040	1037	356	1038
4	1039	1040	1038	355
4	352	1041	1044	1037
4	1041	183	1042	1044
4	1044	1042	353	1043
4	1037	1044	1043	356
4	356	1043	1048	1047
4	1043	353	1045	1048
4	1048	1045	166	1046
4	1047	1048	1046	354
4	355	1038	1051	1050
4	1038	356	1047	1051
4	1051	1047	354	1049
4	1050	1051	1049	134
4	129	1039	1055	1054
4	1039	355	1052	1055
4	1055	1052	358	1053
4	1054	1055	1053	357
4	355	1050	1057	1052
4	1050	134	599	1057
4	1057	599	230	1056
4	1052	1057	1056	358
4	358	1056	1059	1058
4	1056	230	594	1059
4	1059	594	133	906
4	1058	1059	906	316
4	357	1053	1061	1060
4	1053	358	1058	1061
4	1061	1058	316	903
4	1060	1061	903	200
4	167	1062	1066	1065
4	1062	359	1063	1066
4	1066	1063	362	1064
4	1065	1066	1064	361
4	359	1067	1070	1063
4	1067	168	1068	1070
4	1070	1068	360	1069
4	1063	1070	1069	362
4	362	1069	1073	1072
4	1069	360	1071	1073
4	1073	1071	134	1049
4	1072	1073	1049	354
4	361	1064	1075	1074
4	1064	362	1072	1075
4	1075	1072	354	1046
4	1074	1075	1046	166
4	154	603	1078	742
4	603	231	1076	1078
4	1078	1076	364	1077
4	742	1078	1077	273
4	231	600	1080	1076
4	600	134	1071	1080
4	1080	1071	360	1079
4	1076	1080	1079	364
4	364	1079	1083	1082
4	1079	360	1068	1083
4	1083	1068	168	1081
4	1082	1083	1081	363
4	273	1077	1085	733
4	1077	364	1082	1085
4	1085	1082	363	1084
4	733	1085	1084	181
4	44	45	1088	700
4	45	46	1086	1088
4	1088	1086	365	1087
4	700	1088	1087	262
4	46	47	1090	1086
4	47	48	816	1090
4	1090	816	295	1089
4	1086	1090	1089	365
4	365	1089	1092	1091
4	1089	295	822	1092
4	1092	822	186	735
4	1091	1092	735	271
4	262	1087	1093	705
4	1087	365	1091	1093
4	1093	1091	271	730
4	705	1093	730	181
4	139	1094	1097	860
4	1094	366	1095	1097
4	1097	1095	367	1096
4	860	1097	1096	304
4	366	1098	1100	1095
4	1098	185	764	1100
4	1100	764	279	1099
4	1095	1100	1099	367
4	367	1099	1102	1101
4	1099	279	761	1102
4	1102	761	188	1006
4	1101	1102	1006	343
4	304	1096	1103	863
4	1096	367	1101	1103
4	1103	1101	343	1003
4	863	1103	1003	198
4	135	949	1106	899
4	949	328	1104	1106
4	1106	1104	370	1105
4	899	1106	1105	315
4	328	946	1109	1104
4	946	202	1107	1109
4	1109	1107	368	1108
4	1104	1109	1108	370
4	370	1108	1113	1112
4	1108	368	1110	1113
4	1113	1110	204	1111
4	1112	1113	1111	369
4	315	1105	1115	902
4	1105	370	1112	1115
4	1115	1112	369	1114
4	902	1115	1114	200
4	44	703	1118	43
4	703	265	1116	1118
4	1118	1116	373	1117
4	43	1118	1117	42
4	265	714	1121	1116
4	714	148	1119	1121
4	1121	1119	371	1120
4	1116	1121	1120	373
4	373	1120	1125	1124
4	1120	371	1122	1125
4	1125	1122	180	1123
4	1124	1125	1123	372
4	42	1117	1127	41
4	1117	373	1124	1127
4	1127	1124	372	1126
4	41	1127	1126	40
4	202	1128	1131	1107
4	1128	374	1129	1131
4	1131	1129	375	1130
4	1107	1131	1130	368
4	374	1132	1134	1129
4	1132	110	109	1134
4	1134	109	108	1133
4	1129	1134	1133	375
4	375	1133	1136	1135
4	1133	108	107	1136
4	1136	107	106	996
4	1135	1136	996	340
4	368	1130	1137	1110
4	1130	375	1135	1137
4	1137	1135	340	993
4	1110	1137	993	204
4	10	11	1140	788
4	11	12	1138	1140
4	1140	1138	378	1139
4	788	1140	1139	286
4	12	13	1143	1138
4	13	14	1141	1143
4	1143	1141	376	1142
4	1138	1143	1142	378
4	378	1142	1147	1146
4	1142	376	1144	1147
4	1147	1144	179	1145
4	1146	1147	1145	377
4	286	1139	1149	791
4	1139	378	1146	1149
4	1149	1146	377	1148
4	791	1149	1148	187
4	194	1150	1154	1153
4	1150	379	1151	1154
4	1154	1151	382	1152
4	1153	1154	1152	381
4	379	1155	1158	1151
4	1155	175	1156	1158
4	1158	1156	380	1157
4	1151	1158	1157	382
4	382	1157	1161	1160
4	1157	380	1159	1161
4	1161	1159	74	73
4	1160	1161	73	72
4	381	1152	1163	1162
4	1152	382	1160	1163
4	1163	1160	72	71
4	1162	1163	71	70
4	185	1098	1166	770
4	1098	366	1164	1166
4	1166	1164	384	1165
4	770	1166	1165	282
4	366	1094	1168	1164
4	1094	139	676	1168
4	1168	676	257	1167
4	1164	1168	1167	384
4	384	1167	1171	1170
4	1167	257	686	1171
4	1171	686	141	1169
4	1170	1171	1169	383
4	282	1165	1173	774
4	1165	384	1170	1173
4	1173	1170	383	1172
4	774	1173	1172	197
4	136	1174	1178	1177
4	1174	385	1175	1178
4	1178	1175	387	1176
4	1177	1178	1176	386
4	385	1179	1181	1175
4	1179	59	60	1181
4	1181	60	61	1180
4	1175	1181	1180	387
4	387	1180	1183	1182
4	1180	61	62	1183
4	1183	62	63	848
4	1182	1183	848	302
4	386	1176	1185	1184
4	1176	387	1182	1185
4	1185	1182	302	854
4	1184	1185	854	137
4	148	1186	1190	1189
4	1186	388	1187	1190
4	1190	1187	391	1188
4	1189	1190	1188	390
4	388	1191	1193	1187
4	1191	149	929	1193
4	1193	929	322	1192
4	1187	1193	1192	391
4	391	1192	1196	1195
4	1192	322	926	1196
4	1196	926	178	1194
4	1195	1196	1194	389
4	390	1188	1199	1198
4	1188	391	1195	1199
4	1199	1195	389	1197
4	1198	1199	1197	150
4	178	1200	1203	1194
4	1200	392	1201	1203
4	1203	1201	395	1202
4	1194	1203	1202	389
4	392	1204	1207	1201
4	1204	196	1205	1207
4	1207	1205	393	1206
4	1201	1207	1206	395
4	395	1206	1211	1210
4	1206	393	1208	1211
4	1211	1208	195	1209
4	1210	1211	1209	394
4	389	1202	1213	1197
4	1202	395	1210	1213
4	1213	1210	394	1212
4	1197	1213	1212	150
4	192	1214	1218	1217
4	1214	396	1215	1218
4	1218	1215	399	1216
4	1217	1218	1216	398
4	396	1219	1221	1215
4	1219	163	635	1221
4	1221	635	241	1220
4	1215	1221	1220	399
4	399	1220	1224	1223
4	1220	241	632	1224
4	1224	632	161	1222
4	1223	1224	1222	397
4	398	1216	1227	1226
4	1216	399	1223	1227
4	1227	1223	397	1225
4	1226	1227	1225	170
4	176	1228	1231	934
4	1228	400	1229	1231
4	1231	1229	402	1230
4	934	1231	1230	324
4	400	1232	1235	1229
4	1232	177	1233	1235
4	1235	1233	401	1234
4	1229	1235	1234	402
4	402	1234	1238	1237
4	1234	401	1236	1238
4	1238	1236	74	1159
4	1237	1238	1159	380
4	324	1230	1239	923
4	1230	402	1237	1239
4	1239	1237	380	1156
4	923	1239	1156	175
4	189	1240	1243	1022
4	1240	403	1241	1243
4	1243	1241	406	1242
4	1022	1243	1242	348
4	403	1244	1247	1241
4	1244	190	1245	1247
4	1247	1245	404	1246
4	1241	1247	1246	406
4	406	1246	1251	1250
4	1246	404	1248	1251
4	1251	1248	165	1249
4	1250	1251	1249	405
4	348	1242	1253	1027
4	1242	406	1250	1253
4	1253	1250	405	1252
4	1027	1253	1252	121
4	33	34	1257	1256
4	34	35	1254	1257
4	1257	1254	408	1255
4	1256	1257	1255	407
4	35	36	1259	1254
4	36	3	37	1259
4	1259	37	38	1258
4	1254	1259	1258	408
4	408	1258	1261	1260
4	1258	38	39	1261
4	1261	39	40	1126
4	1260	1261	1126	372
4	407	1255	1263	1262
4	1255	408	1260	1263
4	1263	1260	372	1123
4	1262	1263	1123	180
4	18	750	1266	17
4	750	275	1264	1266
4	1266	1264	409	1265
4	17	1266	1265	16
4	275	747	1268	1264
4	747	173	671	1268
4	1268	671	252	1267
4	1264	1268	1267	409
4	409	1267	1270	1269
4	1267	252	668	1270
4	1270	668	179	1144
4	1269	1270	1144	376
4	16	1265	1271	15
4	1265	409	1269	1271
4	1271	1269	376	1141
4	15	1271	1141	14
4	160	1014	1274	1034
4	1014	345	1272	1274
4	1274	1272	411	1273
4	1034	1274	1273	350
4	345	1010	1276	1272
4	1010	155	615	1276
4	1276	615	235	1275
4	1272	1276	1275	411
4	411	1275	1279	1278
4	1275	235	610	1279
4	1279	610	153	1277
4	1278	1279	1277	410
4	350	1273	1281	1025
4	1273	411	1278	1281
4	1281	1278	410	1280
4	1025	1281	1280	189
4	152	1282	1286	1285
4	1282	412	1283	1286
4	1286	1283	415	1284
4	1285	1286	1284	414
4	412	1287	1290	1283
4	1287	5	1288	1290
4	1290	1288	413	1289
4	1283	1290	1289	415
4	415	1289	1293	1292
4	1289	413	1291	1293
4	1293	1291	189	1280
4	1292	1293	1280	410
4	414	1284	1295	1294
4	1284	415	1292	1295
4	1295	1292	410	1277
4	1294	1295	1277	153
4	184	1296	1300	1299
4	1296	416	1297	1300
4	1300	1297	418	1298
4	1299	1300	1298	417
4	416	1301	1303	1297
4	1301	90	89	1303
4	1303	89	88	1302
4	1297	1303	1302	418
4	418	1302	1305	1304
4	1302	88	87	1305
4	1305	87	86	837
4	1304	1305	837	298
4	417	1298	1307	1306
4	1298	418	1304	1307
4	1307	1304	298	832
4	1306	1307	832	164
4	158	1308	1312	1311
4	1308	419	1309	1312
4	1312	1309	423	1310
4	1311	1312	1310	422
4	419	1313	1316	1309
4	1313	159	1314	1316
4	1316	1314	420	1315
4	1309	1316	1315	423
4	423	1315	1320	1319
4	1315	420	1317	1320
4	1320	1317	203	1318
4	1319	1320	1318	421
4	422	1310	1323	1322
4	1310	423	1319	1323
4	1323	1319	421	1321
4	1322	1323	1321	157
4	161	1324	1327	1222
4	1324	424	1325	1327
4	1327	1325	426	1326
4	1222	1327	1326	397
4	424	1328	1331	1325
4	1328	191	1329	1331
4	1331	1329	425	1330
4	1325	1331	1330	426
4	426	1330	1334	1333
4	1330	425	1332	1334
4	1334	1332	169	786
4	1333	1334	786	288
4	397	1326	1335	1225
4	1326	426	1333	1335
4	1335	1333	288	796
4	1225	1335	796	170
4	176	933	1339	1338
4	933	323	1336	1339
4	1339	1336	429	1337
4	1338	1339	1337	428
4	323	930	1342	1336
4	930	149	1340	1342
4	1342	1340	427	1341
4	1336	1342	1341	429
4	429	1341	1345	1344
4	1341	427	1343	1345
4	1345	1343	157	1321
4	1344	1345	1321	421
4	428	1337	1347	1346
4	1337	429	1344	1347
4	1347	1344	421	1318
4	1346	1347	1318	203
4	141	1348	1351	1169
4	1348	430	1349	1351
4	1351	1349	432	1350
4	1169	1351	1350	383
4	430	1352	1354	1349
4	1352	131	803	1354
4	1354	803	290	1353
4	1349	1354	1353	432
4	432	1353	1357	1356
4	1353	290	798	1357
4	1357	798	126	1355
4	1356	1357	1355	431
4	383	1350	1359	1172
4	1350	432	1356	1359
4	1359	1356	431	1358
4	1172	1359	1358	197
4	181	1084	1362	706
4	1084	363	1360	1362
4	1362	1360	435	1361
4	706	1362	1361	263
4	363	1081	1365	1360
4	1081	168	1363	1365
4	1365	1363	433	1364
4	1360	1365	1364	435
4	435	1364	1369	1368
4	1364	433	1366	1369
4	1369	1366	157	1367
4	1368	1369	1367	434
4	263	1361	1371	709
4	1361	435	1368	1371
4	1371	1368	434	1370
4	709	1371	1370	151
4	148	713	1374	1186
4	713	264	1372	1374
4	1374	1372	436	1373
4	1186	1374	1373	388
4	264	710	1376	1372
4	710	151	1370	1376
4	1376	1370	434	1375
4	1372	1376	1375	436
4	436	1375	1378	1377
4	1375	434	1367	1378
4	1378	1367	157	1343
4	1377	1378	1343	427
4	388	1373	1379	1191
4	1373	436	1377	1379
4	1379	1377	427	1340
4	1191	1379	1340	149
4	176	1338	1382	1228
4	1338	428	1380	1382
4	1382	1380	439	1381
4	1228	1382	1381	400
4	428	1346	1385	1380
4	1346	203	1383	1385
4	1385	1383	437	1384
4	1380	1385	1384	439
4	439	1384	1389	1388
4	1384	437	1386	1389
4	1389	1386	201	1387
4	1388	1389	1387	438
4	400	1381	1391	1232
4	1381	439	1388	1391
4	1391	1388	438	1390
4	1232	1391	1390	177
4	127	1392	1395	812
4	1392	440	1393	1395
4	1395	1393	443	1394
4	812	1395	1394	293
4	440	1396	1399	1393
4	1396	125	1397	1399
4	1399	1397	441	1398
4	1393	1399	1398	443
4	443	1398	1403	1402
4	1398	441	1400	1403
4	1403	1400	205	1401
4	1402	1403	1401	442
4	293	1394	1405	801
4	1394	443	1402	1405
4	1405	1402	442	1404
4	801	1405	1404	126
4	131	1352	1409	1408
4	1352	430	1406	1409
4	1409	1406	445	1407
4	1408	1409	1407	444
4	430	1348	1411	1406
4	1348	141	685	1411
4	1411	685	256	1410
4	1406	1411	1410	445
4	445	1410	1413	1412
4	1410	256	682	1413
4	1413	682	122	541
4	1412	1413	541	213
4	444	1407	1415	1414
4	1407	445	1412	1415
4	1415	1412	213	536
4	1414	1415	536	121
4	131	1408	1418	804
4	1408	444	1416	1418
4	1418	1416	446	1417
4	804	1418	1417	291
4	444	1414	1420	1416
4	1414	121	1252	1420
4	1420	1252	405	1419
4	1416	1420	1419	446
4	446	1419	1422	1421
4	1419	405	1249	1422
4	1422	1249	165	525
4	1421	1422	525	208
4	291	1417	1423	807
4	1417	446	1421	1423
4	1423	1421	208	520
4	807	1423	520	119
4	33	1256	1426	620
4	1256	407	1424	1426
4	1426	1424	447	1425
4	620	1426	1425	237
4	407	1262	1428	1424
4	1262	180	1122	1428
4	1428	1122	371	1427
4	1424	1428	1427	447
4	447	1427	1430	1429
4	1427	371	1119	1430
4	1430	1119	148	1189
4	1429	1430	1189	390
4	237	1425	1431	623
4	1425	447	1429	1431
4	1431	1429	390	1198
4	623	1431	1198	150
4	194	1432	1435	1150
4	1432	448	1433	1435
4	1435	1433	449	1434
4	1150	1435	1434	379
4	448	1436	1438	1433
4	1436	196	1204	1438
4	1438	1204	392	1437
4	1433	1438	1437	449
4	449	1437	1440	1439
4	1437	392	1200	1440
4	1440	1200	178	925
4	1439	1440	925	321
4	379	1434	1441	1155
4	1434	449	1439	1441
4	1441	1439	321	920
4	1155	1441	920	175
4	25	26	1444	546
4	26	27	1442	1444
4	1444	1442	450	1443
4	546	1444	1443	215
4	27	28	1446	1442
4	28	29	1018	1446
4	1446	1018	346	1445
4	1442	1446	1445	450
4	450	1445	1448	1447
4	1445	346	1015	1448
4	1448	1015	160	1033
4	1447	1448	1033	349
4	215	1443	1449	549
4	1443	450	1447	1449
4	1449	1447	349	1030
4	549	1449	1030	123
4	196	1436	1452	1205
4	1436	448	1450	1452
4	1452	1450	453	1451
4	1205	1452	1451	393
4	448	1432	1455	1450
4	1432	194	1453	1455
4	1455	1453	451	1454
4	1450	1455	1454	453
4	453	1454	1459	1458
4	1454	451	1456	1459
4	1459	1456	152	1457
4	1458	1459	1457	452
4	393	1451	1461	1208
4	1451	453	1458	1461
4	1461	1458	452	1460
4	1208	1461	1460	195
4	136	917	1464	1174
4	917	318	1462	1464
4	1464	1462	454	1463
4	1174	1464	1463	385
4	318	914	1466	1462
4	914	138	727	1466
4	1466	727	268	1465
4	1462	1466	1465	454
4	454	1465	1468	1467
4	1465	268	724	1468
4	1468	724	55	56
4	1467	1468	56	57
4	385	1463	1469	1179
4	1463	454	1467	1469
4	1469	1467	57	58
4	1179	1469	58	59
4	190	1470	1473	1245
4	1470	455	1471	1473
4	1473	1471	457	1472
4	1245	1473	1472	404
4	455	1474	1477	1471
4	1474	206	1475	1477
4	1477	1475	456	1476
4	1471	1477	1476	457
4	457	1476	1480	1479
4	1476	456	1478	1480
4	1480	1478	120	529
4	1479	1480	529	209
4	404	1472	1481	1248
4	1472	457	1479	1481
4	1481	1479	209	526
4	1248	1481	526	165
4	192	1217	1484	868
4	1217	398	1482	1484
4	1484	1482	458	1483
4	868	1484	1483	306
4	398	1226	1486	1482
4	1226	170	795	1486
4	1486	795	287	1485
4	1482	1486	1485	458
4	458	1485	1488	1487
4	1485	287	792	1488
4	1488	792	187	1148
4	1487	1488	1148	377
4	306	1483	1489	858
4	1483	458	1487	1489
4	1489	1487	377	1145
4	858	1489	1145	179
4	145	1490	1493	936
4	1490	459	1491	1493
4	1493	1491	461	1492
4	936	1493	1492	326
4	459	1494	1496	1491
4	1494	6	117	1496
4	1496	117	116	1495
4	1491	1496	1495	461
4	461	1495	1499	1498
4	1495	116	115	1499
4	1499	115	114	1497
4	1498	1499	1497	460
4	326	1492	1501	941
4	1492	461	1498	1501
4	1501	1498	460	1500
4	941	1501	1500	144
4	162	639	1505	1504
4	639	242	1502	1505
4	1505	1502	463	1503
4	1504	1505	1503	462
4	242	636	1507	1502
4	636	163	1219	1507
4	1507	1219	396	1506
4	1502	1507	1506	463
4	463	1506	1509	1508
4	1506	396	1214	1509
4	1509	1214	192	867
4	1508	1509	867	305
4	462	1503	1511	1510
4	1503	463	1508	1511
4	1511	1508	305	864
4	1510	1511	864	198
4	152	1285	1514	1457
4	1285	414	1512	1514
4	1514	1512	464	1513
4	1457	1514	1513	452
4	414	1294	1516	1512
4	1294	153	613	1516
4	1516	613	238	1515
4	1512	1516	1515	464
4	464	1515	1518	1517
4	1515	238	624	1518
4	1518	624	150	1212
4	1517	1518	1212	394
4	452	1513	1519	1460
4	1513	464	1517	1519
4	1519	1517	394	1209
4	1460	1519	1209	195
4	198	1002	1522	1510
4	1002	342	1520	1522
4	1522	1520	466	1521
4	1510	1522	1521	462
4	342	998	1525	1520
4	998	128	1523	1525
4	1525	1523	465	1524
4	1520	1525	1524	466
4	466	1524	1528	1527
4	1524	465	1526	1528
4	1528	1526	199	888
4	1527	1528	888	311
4	462	1521	1529	1504
4	1521	466	1527	1529
4	1529	1527	311	885
4	1504	1529	885	162
4	183	1530	1534	1533
4	1530	467	1531	1534
4	1534	1531	469	1532
4	1533	1534	1532	468
4	467	1535	1537	1531
4	1535	94	93	1537
4	1537	93	92	1536
4	1531	1537	1536	469
4	469	1536	1539	1538
4	1536	92	91	1539
4	1539	91	90	1301
4	1538	1539	1301	416
4	468	1532	1541	1540
4	1532	469	1538	1541
4	1541	1538	416	1296
4	1540	1541	1296	184
4	147	892	1544	586
4	892	312	1542	1544
4	1544	1542	471	1543
4	586	1544	1543	227
4	312	889	1547	1542
4	889	199	1545	1547
4	1547	1545	470	1546
4	1542	1547	1546	471
4	471	1546	1550	1549
4	1546	470	1548	1550
4	1550	1548	1853	1854
4	1549	1550	1854	1855
4	227	1543	1551	589
4	1543	471	1549	1551
4	1551	1549	1855	1856
4	589	1551	1856	1857
4	1849	1850	1554	955
4	1850	1851	1552	1554
4	1554	1552	472	1553
4	955	1554	1553	331
4	1851	1852	1556	1552
4	1852	1853	1548	1556
4	1556	1548	470	1555
4	1552	1556	1555	472
4	472	1555	1558	1557
4	1555	470	1545	1558
4	1558	1545	199	1526
4	1557	1558	1526	465
4	331	1553	1559	958
4	1553	472	1557	1559
4	1559	1557	465	1523
4	958	1559	1523	128
4	126	1404	1562	1355
4	1404	442	1560	1562
4	1562	1560	474	1561
4	1355	1562	1561	431
4	442	1401	1565	1560
4	1401	205	1563	1565
4	1565	1563	473	1564
4	1560	1565	1564	474
4	474	1564	1568	1567
4	1564	473	1566	1568
4	1568	1566	156	778
4	1567	1568	778	283
4	431	1561	1569	1358
4	1561	474	1567	1569
4	1569	1567	283	775
4	1358	1569	775	197
4	152	1456	1572	1282
4	1456	451	1570	1572
4	1572	1570	475	1571
4	1282	1572	1571	412
4	451	1453	1574	1570
4	1453	194	1153	1574
4	1574	1153	381	1573
4	1570	1574	1573	475
4	475	1573	1576	1575
4	1573	381	1162	1576
4	1576	1162	70	69
4	1575	1576	69	68
4	412	1571	1577	1287
4	1571	475	1575	1577
4	1577	1575	68	67
4	1287	1577	67	5
4	189	1291	1580	1240
4	1291	413	1578	1580
4	1580	1578	477	1579
4	1240	1580	1579	403
4	413	1288	1583	1578
4	1288	5	1581	1583
4	1583	1581	476	1582
4	1578	1583	1582	477
4	477	1582	1586	1585
4	1582	476	1584	1586
4	1586	1584	206	1474
4	1585	1586	1474	455
4	403	1579	1587	1244
4	1579	477	1585	1587
4	1587	1585	455	1470
4	1244	1587	1470	190
4	156	1588	1591	779
4	1588	478	1589	1591
4	1591	1589	479	1590
4	779	1591	1590	284
4	478	1592	1594	1589
4	1592	1837	1838	1594
4	1594	1838	1839	1593
4	1589	1594	1593	479
4	479	1593	1596	1595
4	1593	1839	1840	1596
4	1596	1840	1841	575
4	1595	1596	575	223
4	284	1590	1597	782
4	1590	479	1595	1597
4	1597	1595	223	572
4	782	1597	572	143
4	5	1810	1600	1581
4	1810	1811	1598	1600
4	1600	1598	480	1599
4	1581	1600	1599	476
4	1811	1812	1602	1598
4	1812	1813	877	1602
4	1602	877	308	1601
4	1598	1602	1601	480
4	480	1601	1604	1603
4	1601	308	874	1604
4	1604	874	120	1478
4	1603	1604	1478	456
4	476	1599	1605	1584
4	1599	480	1603	1605
4	1605	1603	456	1475
4	1584	1605	1475	206
4	144	1500	1608	942
4	1500	460	1606	1608
4	1608	1606	481	1607
4	942	1608	1607	327
4	460	1497	1610	1606
4	1497	114	113	1610
4	1610	113	112	1609
4	1606	1610	1609	481
4	481	1609	1612	1611
4	1609	112	111	1612
4	1612	111	110	1132
4	1611	1612	1132	374
4	327	1607	1613	945
4	1607	481	1611	1613
4	1613	1611	374	1128
4	945	1613	1128	202
4	172	647	1617	1616
4	647	245	1614	1617
4	1617	1614	484	1615
4	1616	1617	1615	483
4	245	642	1619	1614
4	642	169	1332	1619
4	1619	1332	425	1618
4	1614	1619	1618	484
4	484	1618	1622	1621
4	1618	425	1329	1622
4	1622	1329	191	1620
4	1621	1622	1620	482
4	483	1615	1625	1624
4	1615	484	1621	1625
4	1625	1621	482	1623
4	1624	1625	1623	171
4	168	1067	1628	1363
4	1067	359	1626	1628
4	1628	1626	486	1627
4	1363	1628	1627	433
4	359	1062	1631	1626
4	1062	167	1629	1631
4	1631	1629	485	1630
4	1626	1631	1630	486
4	486	1630	1634	1633
4	1630	485	1632	1634
4	1634	1632	158	1311
4	1633	1634	1311	422
4	433	1627	1635	1366
4	1627	486	1633	1635
4	1635	1633	422	1322
4	1366	1635	1322	157
4	167	1636	1639	1629
4	1636	487	1637	1639
4	1639	1637	489	1638
4	1629	1639	1638	485
4	487	1640	1642	1637
4	1640	184	1299	1642
4	1642	1299	417	1641
4	1637	1642	1641	489
4	489	1641	1645	1644
4	1641	417	1306	1645
4	1645	1306	164	1643
4	1644	1645	1643	488
4	485	1638	1647	1632
4	1638	489	1644	1647
4	1647	1644	488	1646
4	1632	1647	1646	158
4	203	1317	1650	1383
4	1317	420	1648	1650
4	1650	1648	492	1649
4	1383	1650	1649	437
4	420	1314	1653	1648
4	1314	159	1651	1653
4	1653	1651	490	1652
4	1648	1653	1652	492
4	492	1652	1657	1656
4	1652	490	1654	1657
4	1657	1654	193	1655
4	1656	1657	1655	491
4	437	1649	1659	1386
4	1649	492	1656	1659
4	1659	1656	491	1658
4	1386	1659	1658	201
4	158	1646	1662	1308
4	1646	488	1660	1662
4	1662	1660	493	1661
4	1308	1662	1661	419
4	488	1643	1664	1660
4	1643	164	835	1664
4	1664	835	300	1663
4	1660	1664	1663	493
4	493	1663	1666	1665
4	1663	300	844	1666
4	1666	844	193	1654
4	1665	1666	1654	490
4	419	1661	1667	1313
4	1661	493	1665	1667
4	1667	1665	490	1651
4	1313	1667	1651	159
4	78	1668	1671	79
4	1668	494	1669	1671
4	1671	1669	495	1670
4	79	1671	1670	80
4	494	1672	1674	1669
4	1672	201	1658	1674
4	1674	1658	491	1673
4	1669	1674	1673	495
4	495	1673	1676	1675
4	1673	491	1655	1676
4	1676	1655	193	843
4	1675	1676	843	299
4	80	1670	1677	81
4	1670	495	1675	1677
4	1677	1675	299	840
4	81	1677	840	82
4	171	1623	1681	1680
4	1623	482	1678	1681
4	1681	1678	497	1679
4	1680	1681	1679	496
4	482	1620	1683	1678
4	1620	191	1328	1683
4	1683	1328	424	1682
4	1678	1683	1682	497
4	497	1682	1685	1684
4	1682	424	1324	1685
4	1685	1324	161	631
4	1684	1685	631	240
4	496	1679	1687	1686
4	1679	497	1684	1687
4	1687	1684	240	626
4	1686	1687	626	146
4	205	1688	1691	1563
4	1688	498	1689	1691
4	1691	1689	499	1690
4	1563	1691	1690	473
4	498	1692	1694	1689
4	1692	1833	1834	1694
4	1694	1834	1835	1693
4	1689	1694	1693	499
4	499	1693	1696	1695
4	1693	1835	1836	1696
4	1696	1836	1837	1592
4	1695	1696	1592	478
4	473	1690	1697	1566
4	1690	499	1695	1697
4	1697	1695	478	1588
4	1566	1697	1588	156
4	172	1616	1701	1700
4	1616	483	1698	1701
4	1701	1698	503	1699
4	1700	1701	1699	502
4	483	1624	1704	1698
4	1624	171	1702	1704
4	1704	1702	500	1703
4	1698	1704	1703	503
4	503	1703	1708	1707
4	1703	500	1705	1708
4	1708	1705	207	1706
4	1707	1708	1706	501
4	502	1699	1711	1710
4	1699	503	1707	1711
4	1711	1707	501	1709
4	1710	1711	1709	174
4	129	1054	1714	552
4	1054	357	1712	1714
4	1714	1712	504	1713
4	552	1714	1713	218
4	357	1060	1716	1712
4	1060	200	1114	1716
4	1716	1114	369	1715
4	1712	1716	1715	504
4	504	1715	1718	1717
4	1715	369	1111	1718
4	1718	1111	204	992
4	1717	1718	992	339
4	218	1713	1719	557
4	1713	504	1717	1719
4	1719	1717	339	989
4	557	1719	989	130
4	74	1236	1722	75
4	1236	401	1720	1722
4	1722	1720	505	1721
4	75	1722	1721	76
4	401	1233	1724	1720
4	1233	177	1390	1724
4	1724	1390	438	1723
4	1720	1724	1723	505
4	505	1723	1726	1725
4	1723	438	1387	1726
4	1726	1387	201	1672
4	1725	1726	1672	494
4	76	1721	1727	77
4	1721	505	1725	1727
4	1727	1725	494	1668
4	77	1727	1668	78
4	146	583	1730	1686
4	583	228	1728	1730
4	1730	1728	507	1729
4	1686	1730	1729	496
4	228	592	1733	1728
4	592	6	1731	1733
4	1733	1731	506	1732
4	1728	1733	1732	507
4	507	1732	1736	1735
4	1732	506	1734	1736
4	1736	1734	207	1705
4	1735	1736	1705	500
4	496	1729	1737	1680
4	1729	507	1735	1737
4	1737	1735	500	1702
4	1680	1737	1702	171
4	6	1494	1740	1731
4	1494	459	1738	1740
4	1740	1738	509	1739
4	1731	1740	1739	506
4	459	1490	1743	1738
4	1490	145	1741	1743
4	1743	1741	508	1742
4	1738	1743	1742	509
4	509	1742	1746	1745
4	1742	508	1744	1746
4	1746	1744	174	1709
4	1745	1746	1709	501
4	506	1739	1747	1734
4	1739	509	1745	1747
4	1747	1745	501	1706
4	1734	1747	1706	207
4	1821	1822	1750	979
4	1822	1823	1748	1750
4	1750	1748	511	1749
4	979	1750	1749	337
4	1823	1824	1753	1748
4	1824	1825	1751	1753
4	1753	1751	510	1752
4	1748	1753	1752	511
4	511	1752	1756	1755
4	1752	510	1754	1756
4	1756	1754	127	966
4	1755	1756	966	335
4	337	1749	1757	982
4	1749	511	1755	1757
4	1757	1755	335	974
4	982	1757	974	124
4	129	555	1760	1036
4	555	220	1758	1760
4	1760	1758	512	1759
4	1036	1760	1759	352
4	220	564	1762	1758
4	564	98	97	1762
4	1762	97	96	1761
4	1758	1762	1761	512
4	512	1761	1764	1763
4	1761	96	95	1764
4	1764	95	94	1535
4	1763	1764	1535	467
4	352	1759	1765	1041
4	1759	512	1763	1765
4	1765	1763	467	1530
4	1041	1765	1530	183
4	184	1640	1768	1540
4	1640	487	1766	1768
4	1768	1766	513	1767
4	1540	1768	1767	468
4	487	1636	1770	1766
4	1636	167	1065	1770
4	1770	1065	361	1769
4	1766	1770	1769	513
4	513	1769	1772	1771
4	1769	361	1074	1772
4	1772	1074	166	1045
4	1771	1772	1045	353
4	468	1767	1773	1533
4	1767	513	1771	1773
4	1773	1771	353	1042
4	1533	1773	1042	183
4	1833	1692	1776	1832
4	1692	498	1774	1776
4	1776	1774	515	1775
4	1832	1776	1775	1831
4	498	1688	1778	1774
4	1688	205	1400	1778
4	1778	1400	441	1777
4	1774	1778	1777	515
4	515	1777	1781	1780
4	1777	441	1397	1781
4	1781	1397	125	1779
4	1780	1781	1779	514
4	1831	1775	1783	1830
4	1775	515	1780	1783
4	1783	1780	514	1782
4	1830	1783	1782	1829
4	127	1754	1786	1392
4	1754	510	1784	1786
4	1786	1784	516	1785
4	1392	1786	1785	440
4	510	1751	1788	1784
4	1751	1825	1826	1788
4	1788	1826	1827	1787
4	1784	1788	1787	516
4	516	1787	1790	1789
4	1787	1827	1828	1790
4	1790	1828	1829	1782
4	1789	1790	1782	514
4	440	1785	1791	1396
4	1785	516	1789	1791
4	1791	1789	514	1779
4	1396	1791	1779	125
4	135	910	1794	950
4	910	319	1792	1794
4	1794	1792	518	1793
4	950	1794	1793	329
4	319	918	1797	1792
4	918	136	1795	1797
4	1797	1795	517	1796
4	1792	1797	1796	518
4	518	1796	1800	1799
4	1796	517	1798	1800
4	1800	1798	174	1744
4	1799	1800	1744	508
4	329	1793	1801	939
4	1793	518	1799	1801
4	1801	1799	508	1741
4	939	1801	1741	145
4	137	651	1804	1184
4	651	246	1802	1804
4	1804	1802	519	1803
4	1184	1804	1803	386
4	246	648	1806	1802
4	648	172	1700	1806
4	1806	1700	502	1805
4	1802	1806	1805	519
4	519	1805	1808	1807
4	1805	502	1710	1808
4	1808	1710	174	1798
4	1807	1808	1798	517
4	386	1803	1809	1177
4	1803	519	1807	1809
4	1809	1807	517	1795
4	1177	1809	1795	136
1	7	8	9	10	11	12	13	14	15	16	17	18	19	20	21	2
2	22	23	24	25	26	27	28	29	30	31	32	33	34	35	36	3
3	37	38	39	40	41	42	43	44	45	46	47	48	49	50	51	4
4	52	53	54	55	56	57	58	59	60	61	62	63	64	65	66	1