33	22	6
10	10
-10	10
-10	-10
10	-10
-10	-5
10	5
5.0000000000049	10
1.2294165685489e-11	10
-4.9999999999939	10
-10	6.2499999999949
-10	2.5000000000101
-10	-1.2499999999949
-10	-7.5
-5.0000000000049	-10
-1.2294165685489e-11	-10
4.9999999999939	-10
10	-6.2499999999949
10	-2.5000000000101
10	1.2499999999949
10	7.5
-5.0000000000049	-2.5000000000025
-1.2313705610723e-11	-6.1568528053613e-12
4.9999999999938	2.4999999999969
5.7287465688132	-2.124448004697
6.8270699161068	0.59629921496905
-6.8260968773582	-0.59793471951222
5.1073841258501	-5.9459125990124
0.050879746786027	-5.793407946902
-5.0040782041433	-6.3865587745
-5.1064642596289	5.9443361287292
-0.050254431898279	5.7923856217364
5.0042257390345	6.386334416189
-5.7388408643784	2.0291847067748
4	29	14	15	28
4	28	15	16	27
4	32	7	8	31
4	31	8	9	30
4	14	29	13	3
4	17	27	16	4
4	10	30	9	2
4	27	17	18	24
4	25	23	22	24
4	30	10	11	33
4	32	31	22	23
4	29	28	22	21
4	23	6	20	32
4	21	5	13	29
4	7	32	20	1
4	6	23	25	19
4	24	18	19	25
4	5	21	26	12
4	26	21	22	33
4	33	11	12	26
4	22	28	27	24
4	30	33	22	31
1	7	8	9	2
2	10	11	12	5
5	13	3
3	14	15	16	4
4	17	18	19	6
6	20	1