120	111	4
10	10
-10	10
-10	-10
10	-10
-4	-2
4	2
5.0000000000049	10
1.2294165685489e-11	10
-4.9999999999939	10
-10	5.0000000000049
-10	1.2294165685489e-11
-10	-4.9999999999939
-5.0000000000049	-10
-1.2294165685489e-11	-10
4.9999999999939	-10
10	-5.0000000000049
10	-1.2294165685489e-11
10	4.9999999999939
-3.3846153846171	-1.6923076923085
-2.7692307692342	-1.3846153846171
-2.1538461538513	-1.0769230769256
-1.5384615384684	-0.76923076923419
-0.92307692308547	-0.46153846154274
-0.30769230770257	-0.15384615385128
0.30769230768204	0.15384615384102
0.92307692306837	0.46153846153418
1.5384615384547	0.76923076922735
2.153846153841	1.0769230769205
2.7692307692273	1.3846153846137
3.3846153846137	1.6923076923068
-2.8469998600946	-0.7573969243271
-3.0300313750534	-0.10952629918649
-3.5330725434613	-1.0624381890537
-5.1090090931336	0.87858896003685
-5.0907218006453	3.329805793641
-7.3027523999045	1.2332947882883
-2.3652235246676	-0.70629257821768
-1.2644194996656	-0.14518470260623
-1.8177209904503	0.64099522483199
-1.9939250515736	-0.21663635766051
1.7615697619053	1.9740010644585
2.0468099361581	-0.40127141278623
2.1340026037458	0.32807659278561
-3.1169865654634	0.96073467818349
5.3969612705992	-1.5205262965131
3.9303892221094	-1.2407609696177
2.7760121666388	-2.0073245897093
4.6885027598837	0.30891364801156
6.9597717660108	1.0426231365413
7.4435219272384	4.6946045434792
7.1935079044216	-1.5610253007593
-1.1845396947446	3.87480061968
-3.9491200801246	5.4593847154184
-2.6966629748242	2.3569380823352
1.0356539705104	1.6097493824006
0.31868052069539	1.2140457421735
3.791379215459	1.3360378267563
4.4764691256169	1.4902954130815
3.4200792235494	2.9376250320063
3.1032243740699	2.2338739076772
-2.8179900880774	-5.8004254911826
-2.1814378514721	-3.6266815689678
-4.5720651095296	-4.0434591412467
-0.25610685455966	-4.8547457598288
-4.3103500413492	-2.594235765788
-5.7054528500774	-2.5918231935128
4.9725073344945	-3.4957567116905
-7.3537321067856	-2.3935544420684
-0.3834407286943	0.77153076858506
-0.53217511328195	-3.3315033095307
-0.28418347763178	-2.0496602646626
-0.93807768382094	-1.9680026619438
-7.5447896894568	-0.53518024160455
3.2045388357424	4.1717783092881
2.4134066864602	3.1432170355037
2.4603766582781	3.9952543553894
-0.53139931660048	-1.2152338464487
-3.9256582790389	-0.40420651655015
1.4462913880189	-1.5434935654144
0.70286079546128	-1.9015459591641
1.3937355128032	-3.1769767824722
4.3183006215522	5.5958087973207
2.9079757830141	5.684652081159
4.4022322842579	3.271469332997
5.2714372788196	4.1383549583604
-2.4754090919967	6.8316906926469
5.2534694873888	2.386967287007
-2.876416836228	-2.4531358684686
-2.1106023016568	-2.5169254199508
-2.1627026915973	-1.8755311786443
-3.1088174387785	-3.3005525881442
0.07565498958126	6.6486981348791
-6.0459042507099	-7.246528576435
2.460361908674	-5.8597819745131
-6.1689420149897	6.7820037882991
1.1009142858335	-0.78280750919474
0.2085469863136	-0.99893258372204
-0.3229637525887	2.134905246145
5.8467793279565	-7.2052889662136
2.4480076803467	7.2235947350299
0.55935163588831	2.3048993037035
-5.2412224791236	-1.1607967913048
-4.300521760011	-0.98458815371723
3.9466238849232	4.0866125556831
1.6736978588396	4.7882580138664
-1.1856050057147	-1.424396116897
-3.5515753093055	-2.4324557188876
-4.1695819834494	-3.0696676370145
-3.7132487974113	-2.9671384854161
-1.2740306875546	1.5036774649089
1.0906607029944	3.2437870106116
2.5173531943068	2.1979281650611
3.3890663143534	-0.32827399936397
-1.7566832089223	-1.6666831939233
3.4568215977545	0.91603278852506
-1.3721480786066	-2.3253629200626
2.7765809837435	0.50385946950492
-0.95037117178231	0.26526188867124
-4.012373365003	-1.266382104231
4.4990135959868	2.6523595547363
4	32	78	33	31
4	34	35	10	36
4	42	43	27	26
4	55	56	26	27
4	59	60	30	6
4	46	47	67	45
4	66	68	12	63
4	59	74	76	75
4	82	85	50	7
4	53	52	92	86
4	52	53	35	54
4	35	53	95	10
4	14	94	64	61
4	45	67	16	51
4	94	99	16	67
4	53	86	9	95
4	55	101	98	56
4	98	110	69	56
4	82	7	100	83
4	39	44	32	40
4	15	4	16	99
4	10	95	9	2
4	77	23	22	106
4	18	1	7	50
4	92	52	111	105
4	31	33	19	20
4	59	75	112	60
4	45	48	113	46
4	48	45	51	49
4	88	91	62	89
4	58	57	115	48
4	27	28	41	55
4	40	32	31	37
4	20	21	37	31
4	27	43	117	28
4	41	111	101	55
4	68	73	11	12
4	102	34	36	73
4	42	96	79	47
4	42	47	46	113
4	80	81	47	79
4	67	47	81	94
4	14	15	99	94
4	52	98	101	111
4	48	115	117	113
4	14	61	93	13
4	115	29	28	117
4	7	8	92	100
4	107	88	20	19
4	98	52	54	110
4	49	17	18	50
4	61	62	91	63
4	91	109	108	63
4	105	76	74	83
4	89	90	20	88
4	102	103	78	34
4	12	3	13	93
4	9	86	92	8
4	73	68	66	102
4	65	5	102	66
4	97	24	23	77
4	71	72	116	70
4	74	104	82	83
4	89	62	70	116
4	54	44	39	110
4	94	81	70	64
4	61	64	70	62
4	89	116	114	90
4	40	38	118	39
4	44	54	35	34
4	44	34	78	32
4	12	93	61	63
4	107	109	91	88
4	10	11	73	36
4	109	107	65	108
4	49	51	16	17
4	103	119	33	78
4	105	83	100	92
4	58	6	30	57
4	75	76	105	111
4	65	66	63	108
4	111	41	112	75
4	96	25	24	97
4	60	112	29	30
4	28	29	112	41
4	39	118	69	110
4	65	107	19	5
4	102	5	119	103
4	69	25	26	56
4	5	19	33	119
4	57	30	29	115
4	85	82	104	84
4	81	80	71	70
4	80	97	77	71
4	116	72	106	114
4	71	77	106	72
4	21	114	106	22
4	84	104	74	59
4	118	24	25	69
4	85	84	120	87
4	42	113	117	43
4	20	90	114	21
4	59	6	120	84
4	6	58	87	120
4	21	22	40	37
4	42	26	25	96
4	97	80	79	96
4	24	118	38	23
4	40	22	23	38
4	48	49	87	58
4	50	85	87	49
1	7	8	9	2
2	10	11	12	3
3	13	14	15	4
4	16	17	18	1