58 42 4
0.0 0.0
1.0 0.0
2.0 0.0
3.0 0.0
4.0 0.0
5.0 0.0
6.0 0.0
7.0 0.0
0.0 1.0
1.0 1.0
2.0 1.0
3.0 1.0
4.0 1.0
5.0 1.0
6.0 1.0
7.0 1.0
0.0 2.0
1.0 2.0
2.0 2.0
3.0 2.0
4.0 2.0
5.0 2.0
6.0 2.0
7.0 2.0
0.0 3.0
1.0 3.0
2.0 3.0
3.0 3.0
4.0 3.0
5.0 3.0
6.0 3.0
7.0 3.0
3.0 3.0
4.0 3.0
0.0 4.0
1.0 4.0
2.0 4.0
3.0 4.0
4.0 4.0
5.0 4.0
6.0 4.0
7.0 4.0
0.0 5.0
1.0 5.0
2.0 5.0
3.0 5.0
4.0 5.0
5.0 5.0
6.0 5.0
7.0 5.0
0.0 6.0
1.0 6.0
2.0 6.0
3.0 6.0
4.0 6.0
5.0 6.0
6.0 6.0
7.0 6.0
4 1 2 10 9
4 2 3 11 10
4 3 4 12 11
4 4 5 13 12
4 5 6 14 13
4 6 7 15 14
4 7 8 16 15
4 9 10 18 17
4 10 11 19 18
4 11 12 20 19
4 12 13 21 20
4 13 14 22 21
4 14 15 23 22
4 15 16 24 23
4 17 18 26 25
4 18 19 27 26
4 19 20 28 27
4 20 21 29 28
4 21 22 30 29
4 22 23 31 30
4 23 24 32 31
4 25 26 36 35
4 26 27 37 36
4 27 33 38 37
4 33 34 39 38
4 34 30 40 39
4 30 31 41 40
4 31 32 42 41
4 35 36 44 43
4 36 37 45 44
4 37 38 46 45
4 38 39 47 46
4 39 40 48 47
4 40 41 49 48
4 41 42 50 49
4 43 44 52 51
4 44 45 53 52
4 45 46 54 53
4 46 47 55 54
4 47 48 56 55
4 48 49 57 56
4 49 50 58 57
1 2 3 4 5 6 7 8
8 16 24 32 42 50 58
58 57 56 55 54 53 52 51
51 43 35 25 17 9 1